10000
1018
1026
1045
1065
1084
1098
1118
1119
1132
1142
1150
1160
1165
1185
1198
1217
1221
1223
1228
1232
1238
1248
1259
1261
1264
1274
76689
1283
1291
1300
1302
1315
73126
1340
1352
1366
1379
1382
1391
1399
1401
1419
1429
1430
1431
1437
1448
103943
1454
1474
55244
100144
1519
1522
1537
1551
1556
1566
1576
1587
1601
1621
1630
1639
1646
1647
1660
1665
1678
1698
1701
1715
1735
1755
1768
1776
1784
1792
1795
1804
1815
1834
1854
1865
90770
1871
1884
1902
4855
1922
1924
1936
82582
1965
1969
1987
1991
91499
2012
2016
2028
2044
2056
2061
2064
2077
40100
20594
2089
2104
2112
2122
2140
2144
2156
2161
2180
99173
2202
20467
2217
2232
2233
2247
2260
2272
2290
2309
2313
2323
7851
2340
2341
2361
2365
2375
100712
2559
2408
2415
2425
2428
55026
2445
85919
2474
2487
2502
2505
2515
2530
83388
2544
2399
35104
2569
2571
2576
2594
2604
2614
2628
2636
2655
2659
2666
2676
9941
2690
2699
2706
2722
2732
2738
2742
2743
2754
2768
2787
11609
2799
2812
2828
86518
2850
2866
2877
2888
2902
2911
2915
2919
2922
99757
2929
2931
2933
2949
2967
2979
2988
2989
2993
32056
3018
3023
3034
45002
3059
3069
3082
3094
3095
3098
3102
3106
3125
3140
3156
3165
3181
3191
3200
3209
3226
77487
3244
3258
3269
3272
64489
67266
3295
3309
3328
3340
3355
3359
72053
3396
3412
3428
3429
3437
3456
82866
3467
3484
3485
3491
3502
3521
3537
3541
3545
3558
3565
18131
3588
11526
3609
3616
3632
3638
37637
81921
3664
46926
58779
20856
3704
57909
3729
3745
3756
3761
3763
3782
3791
68807
3805
3813
3828
3830
3840
97656
13379
3871
3891
3907
3922
3933
3938
3945
3963
35895
3977
3984
4001
4009
4025
71888
4027
4031
4045
4048
4050
4051
4065
98903
4069
4088
4094
4100
4107
4108
102125
4132
4142
4156
4172
4185
4191
4202
4210
4216
4230
4250
4269
44881
4284
4303
4312
4321
66737
4346
105190
4374
4394
4398
4416
18727
4437
4450
4470
4478
4489
4493
4511
4522
4524
4538
4553
4562
4577
4587
4597
4616
4636
4639
4654
80985
4681
4683
4696
4714
4733
4751
4759
4770
26659
4777
4786
90626
4799
4811
4819
94873
103844
4836
1908
4859
4875
4880
4896
4906
4913
35817
4925
23132
4935
4936
4948
4955
35323
48713
25404
5004
89196
5033
5052
5062
5069
5084
73244
5115
5120
5121
5133
5137
5144
5161
5170
5188
5205
23323
5209
5223
5228
5233
5245
32416
5262
5263
16028
5296
5307
5316
5330
5349
5366
70893
5388
5399
5418
5430
5432
5440
96337
53384
5492
5510
5512
100934
5538
5546
5559
5563
5572
5580
5584
5592
5612
96327
5635
5647
5650
99049
5677
5686
5703
5713
5722
5741
51546
71139
5772
63580
5794
5795
5801
5813
5815
18958
5847
5852
5871
5889
82593
5905
91355
5931
5933
5948
5951
5970
5977
5993
6010
6015
6022
6031
6035
6054
6068
6085
6091
6109
6114
6134
6143
6149
6154
6166
6174
6192
6202
6215
20274
6246
22443
6268
6269
6280
6295
62810
6323
6327
6341
6344
6345
6356
6369
6370
6383
6395
6409
6427
6429
6449
6451
6465
6479
6494
6505
6510
6526
6543
6556
101927
6585
6591
6608
6625
102216
6650
6666
6684
6687
41677
6702
93775
90170
6714
6720
6735
64255
6752
78556
6789
18295
6809
6816
6824
6839
89671
55908
6879
6894
6906
6919
6927
6931
95630
69473
18335
8391
6998
7000
7009
7011
7029
7035
87093
7070
48811
7100
7106
89220
7121
7134
7152
23978
7175
7180
7184
11265
7214
7229
7245
7254
7256
7267
7273
7280
7285
7290
7297
7301
7308
7322
7339
7355
7360
7364
7368
7372
7384
7401
7413
7426
7428
7431
7446
7461
7474
54318
7493
7495
7515
7519
7523
7526
7531
65138
7550
7567
7572
7584
7594
7600
7606
7620
7622
7632
7650
7659
7669
7676
7680
7683
7702
7711
73985
7736
7740
7742
7747
7761
25682
7779
7787
7789
7797
7815
7826
7827
7844
2327
42001
7865
7882
7889
7895
7909
7929
7946
99938
7962
67031
7978
7987
7991
7994
7999
8010
8025
8044
8062
8070
8088
46257
8110
8118
63168
8142
8158
8175
8179
8180
8197
8200
8209
8218
8227
8246
8249
8268
8286
8288
45350
8313
8323
8338
9959
96062
8362
8373
8379
79662
8406
8422
8434
8454
8471
8489
8491
8496
8503
8521
8535
8552
8559
8563
8572
8591
8600
8620
8631
33984
8649
8667
8673
8680
8689
8693
8713
8733
8749
8750
8756
101424
99417
8797
8807
8808
8826
8829
80548
8849
8852
8865
8878
8886
8895
8896
94291
8919
8934
28260
8969
8983
25594
8996
9009
9015
44029
9041
9052
9057
9076
9077
9095
9111
9120
9133
9139
9147
9148
9157
9161
9164
9178
64895
9207
9222
9224
9235
9243
9250
54522
9266
9267
9282
9289
9293
9304
77258
9319
9322
97288
9343
9355
89487
9381
9387
71932
9396
9416
9433
9442
9455
94422
9490
9501
81569
9516
9520
95140
9524
9540
9560
98026
9587
33469
9610
9613
9624
32903
82734
14742
19023
9653
9669
9688
74266
9694
74654
9717
9719
9734
60592
9771
9774
9784
9799
9800
67056
9826
9830
9834
9849
9856
9857
9876
9891
9903
9905
6707
9929
2680
60009
76617
9977
9988
9993
10006
10017
10034
81750
10052
10062
10082
10102
10120
10137
10140
92399
10167
33724
10180
63349
10204
10208
10226
10227
91210
10248
74586
72624
10276
58839
42099
10308
10311
10329
10347
10353
10361
10381
10395
73405
10427
10444
10455
10466
10482
16992
10494
10496
47134
36846
10518
10533
10551
10571
10583
10590
10603
10611
10616
10619
10626
10641
10659
17044
10672
10689
51344
42279
10725
10729
10735
10742
10750
10766
10782
9313
10789
10798
10803
42296
10818
10828
10833
10836
10851
10858
10861
10872
10883
10902
10913
10921
10940
10949
10956
10961
10972
10979
10990
52478
11013
11019
11022
11035
11052
11053
62086
11072
11081
11097
11115
11126
11136
11150
11163
11164
26081
45780
11205
11225
11228
11244
11245
11261
7201
11272
11274
106640
11307
47180
11328
11336
11342
11357
11366
11368
11374
11378
11388
11401
66420
11417
11428
11441
11447
11449
11450
11466
11481
84428
11506
3606
11528
11531
11543
11547
11548
11566
11582
11587
11602
11606
2796
11624
11626
11631
11640
11648
11649
11665
11666
82775
11689
11705
11711
11724
11743
11754
11763
11767
11787
11798
77871
11809
11817
11837
11839
11842
11846
11864
11884
11904
11923
11936
11953
11960
11967
11969
11989
11993
11998
26912
73410
12006
12021
12031
12041
12042
12049
12065
58253
12086
12095
12115
12130
12144
12154
12167
70858
12179
12193
12197
12214
12226
12237
12242
12251
12265
12273
12279
12280
12300
101201
12319
12329
12332
12338
12344
12357
12362
103911
12372
12379
12392
12405
68380
84004
12436
12452
12470
12487
12506
12519
15282
12536
12543
69728
12574
12582
49444
12602
12612
12620
12639
12649
12658
12669
12677
12691
12698
12717
12735
12738
12755
12773
12791
12808
12818
12836
12844
12856
12871
12882
12902
12916
12933
12949
12967
12969
12970
12989
39654
13010
13024
13044
13059
13079
13094
13105
13115
13121
13127
13130
13150
13160
104338
13191
13201
13217
13234
13236
13246
100849
13273
33226
13295
13304
13312
56547
13328
13333
13342
13362
60969
13399
88240
13424
13438
13445
13460
13476
13488
13497
71330
24096
13536
13554
13558
13573
13577
13591
13610
13620
13634
13639
58149
13650
13661
13675
13676
13679
13684
36263
13708
13721
13725
13733
13748
38618
13770
13787
13792
13803
102821
13831
13838
13855
13867
13885
13903
13916
19318
13926
13931
13951
71924
13972
13973
13993
14005
14016
14027
14042
14049
14065
14074
14079
14098
14105
14122
14130
14131
14149
14153
14161
14162
14170
14177
14197
14212
14232
14240
14242
43233
14258
14271
65617
14283
14285
14287
14298
14304
14308
14309
14328
14332
14341
14351
28651
14364
14380
14383
14390
2563
14417
14427
65934
14445
14446
14457
14475
14489
14490
14495
40988
14526
14546
14559
14578
69292
14594
14611
14620
14629
14646
14649
14662
14667
14677
14696
14710
14717
14722
72615
14755
14757
14766
14785
14851
14806
14819
14836
14842
41604
14860
14866
14883
14890
14905
14911
71226
14933
14944
14957
69521
37656
14995
15008
15027
15041
15052
27053
15067
15087
15090
15101
15111
15112
15116
15117
15128
15143
15156
15168
15185
15190
15196
15203
15215
60960
15237
15255
15258
15269
93250
15278
57828
31099
15300
15303
15309
15318
15332
15336
28399
15358
15361
15370
15377
15393
15397
28387
15421
15428
15432
15452
15464
15478
15492
46385
15515
15516
15536
15548
15549
15553
15560
15565
15572
15588
15596
15604
15623
15643
15662
15674
15693
15700
35999
15718
15727
15728
15731
10175
15737
15745
15759
15768
64216
15783
15793
15799
15817
34084
15840
15851
15856
15858
15878
22264
15888
15896
15910
52322
52401
15945
15960
15969
15980
79473
15999
16003
16014
5278
40346
16032
69092
16056
16066
16073
16075
16077
16078
16092
16094
16105
16111
16115
16125
16131
16148
16160
102963
16173
16182
16188
38349
16203
16214
16233
16243
16251
16261
16262
16274
40034
16292
16308
22262
16327
16342
16357
16376
16377
16394
91709
16408
16421
16437
16451
16459
16460
16476
16495
16514
16534
16551
16569
16576
38484
16600
16617
16633
59232
16651
16656
80251
37857
16688
16702
16705
16711
88721
16728
16739
16756
16760
16767
16780
16787
16789
16799
16815
16819
16824
16826
16843
43397
16875
16890
23061
16900
16916
16917
16937
16942
85341
16964
16971
16973
16990
97625
17005
39204
45874
17027
17043
10664
17052
17065
56590
17080
17092
17110
28856
43552
17130
17144
17146
17163
11055
17186
17198
17211
17215
17233
17240
17241
17261
17262
17277
17284
17299
17302
17321
17330
17333
17345
17348
88657
17364
17382
17385
106123
17389
17402
17415
17434
31845
17459
17463
17481
17493
17499
17509
17524
17532
17540
17546
17564
17571
17576
13647
17587
17602
17621
17638
17641
17659
61712
17689
17694
17704
75044
17723
17728
17733
17743
70299
17759
17768
17771
17785
17793
17813
17828
17836
17850
17859
22423
17888
17896
17908
96243
17938
17954
87122
17980
18000
18003
18004
18017
18036
18045
18053
88793
18074
29281
18095
18096
18099
18111
55898
30610
18147
18165
18175
18190
18195
18215
18228
18238
18246
18254
66522
18259
18278
18284
6794
81585
18316
18317
6970
18345
18350
18353
18373
18379
18398
18408
18427
18447
18455
18473
18480
18496
83172
18517
18522
18525
12559
18553
18567
18582
18602
18607
18614
18617
22608
18630
18639
60555
18657
18666
18685
18688
18708
18709
18713
18717
4420
18737
18757
18760
18763
18766
18769
18777
85313
18799
18800
18807
58928
86135
18855
18872
18885
18893
18899
18910
18922
18930
31669
5829
18967
18974
91947
70391
102564
9647
19043
19062
33136
95268
70720
19094
19112
19132
19144
19152
19165
19170
19178
19185
19195
19197
60324
19211
19226
19239
19246
19259
19266
19280
19288
19290
19300
13919
19328
19341
19350
19362
79461
19386
19394
19407
87618
19435
19446
19455
19463
19469
19489
19506
21020
19513
19519
19526
19538
19558
19574
19576
19590
93484
19610
19629
19639
19650
19667
19673
19680
19686
19689
19705
88726
19734
68965
19770
19782
19798
19812
19822
19828
19830
19840
22479
19849
19866
19868
19888
19899
19916
19930
19939
19947
19952
19969
56134
33212
20013
31653
20046
41709
20065
20070
50038
20104
20122
36093
20153
20160
20164
20172
20191
20201
20217
20220
20221
20223
20229
20235
20255
20264
6226
55402
20287
20302
20311
20316
20329
20349
20369
20383
20398
20407
20426
20431
20438
20440
20454
2212
20481
20501
20511
20530
20547
20567
20570
20571
20575
20577
2085
20597
20608
20618
20636
20656
20663
20664
20670
20681
71073
20713
66573
20730
20739
20741
20756
20774
20782
20797
20805
20825
20842
67349
37903
20873
20891
20894
31789
36535
20934
86213
20972
53667
21000
19507
21027
21044
21057
21074
21083
43529
21107
21117
21129
21143
21158
21172
45043
21200
21206
70839
21222
21238
21246
21249
27902
59736
21273
21288
41957
21307
21317
21326
21346
66767
74457
21384
21393
21396
21410
21424
21434
21438
21440
21456
21460
21464
21469
21481
21482
21484
21502
21514
21522
21525
21540
21545
21546
21565
21581
21597
21609
21616
21628
21633
46544
21653
21669
82476
21684
21704
21715
21730
21734
21744
21748
21767
24722
21791
21793
69806
21804
21812
21821
21828
23733
21844
21853
21854
21865
21879
21889
21901
21919
21929
62337
21952
21961
21980
21998
22004
22006
77112
22022
22037
22050
22053
22056
22065
22082
93616
22093
22113
22129
22144
22162
22171
22174
22191
22209
71318
22226
22237
22240
22245
99300
15885
22274
22279
22282
81657
22296
22303
22306
22310
22328
22347
22359
22375
22377
22760
22398
22404
22417
17876
6260
22463
19842
22494
22500
22515
22522
22539
90794
22550
45020
22554
22563
22571
22587
22589
18629
22627
22638
22655
22670
22680
22693
22699
22711
22729
22730
29469
22380
22776
22790
22795
22796
22800
59387
100120
22817
22831
22848
22862
22869
22878
22897
22912
22928
22931
22936
22952
22960
22973
41790
22993
23005
23015
23017
23029
23049
16896
23068
23078
100196
23088
23099
23103
23114
71974
4930
23146
60478
23169
23187
23188
23194
69073
23217
23235
37339
23258
23268
23278
20911
23299
23316
5206
23342
23360
105727
23382
23387
23407
23419
23424
73659
23433
23438
23440
23460
23462
23482
23486
23487
31242
23501
23510
105065
23538
29627
23565
23577
23582
23583
23589
39799
23606
23621
23635
56712
23643
23650
33794
23671
23690
23692
23709
23725
23731
21841
89871
23763
23775
23787
23799
23807
23820
23840
23842
23849
23867
23873
23874
23892
103884
23928
23934
23948
23958
7160
23989
23995
24013
24017
24033
24048
24060
24080
13527
24107
24119
24137
24153
79254
74725
24198
24212
24215
24234
24236
24244
24258
24259
24273
37594
24294
24301
24311
24328
99033
8647
24362
24370
24383
24399
24415
41444
24442
24451
24453
24455
24463
24469
77132
24490
36827
37109
24530
24540
24541
24559
53130
99463
24586
24599
24616
24624
24638
24650
4829
24653
24667
24687
24696
24709
21771
24740
24754
24771
24781
24799
24808
94050
95040
91294
24846
24851
24869
24885
27005
24895
24902
24922
24927
62054
24940
24950
24951
24963
24975
24989
25002
25019
25033
25047
25063
25076
25090
25106
25115
92357
86904
25140
99348
25152
45592
25170
25176
25185
25201
25220
25227
25233
25253
25264
25267
25278
25290
63833
25302
25304
25323
25326
25330
25337
25344
25360
25368
25381
25387
25389
30442
4984
25418
25436
25456
25475
25483
25498
25501
25515
25522
51017
25526
25545
25558
25569
25584
8995
25614
25616
25628
25646
25664
25677
43212
25684
37788
25706
81023
25741
25742
25756
71925
25790
93213
25806
101182
25817
25823
53475
25856
25873
25890
25903
25923
25927
71366
25943
25955
25971
25991
26001
26021
26034
26044
26045
26054
26068
26078
11182
59456
26110
96111
26118
26129
26140
86943
26172
26188
78977
26213
26226
26234
26253
26270
29942
26293
50468
26298
26303
26320
26334
26347
26359
26373
26386
26404
26441
26428
26433
53815
26451
26468
26488
26489
26505
26523
26528
90191
26531
26539
26547
26548
6945
26573
26585
26594
26603
26604
26612
90789
26639
4775
26665
26667
26687
26691
26696
26704
26705
26723
26743
26749
47420
40115
26784
26790
26807
26813
26816
26821
26828
73102
26861
26879
26880
26883
26898
26900
26903
105369
26926
26937
26950
26956
26968
26978
101920
24891
27017
27037
27044
15061
27062
27074
27085
27104
27106
27108
27122
27141
27154
27166
27182
27201
27206
27214
75571
27221
27224
27226
27233
27245
27253
27259
27279
27284
27299
106018
27326
88115
27331
27351
27356
27376
27387
52670
64061
94459
27430
27449
27461
59627
27467
27469
27488
27492
27497
32181
27512
27523
27526
27540
27546
27566
27572
27589
27597
27599
27605
27617
27628
27636
27655
78325
27667
27675
27680
27693
27712
27718
27738
27747
27761
27764
27767
27781
27796
27804
27812
65004
27850
33116
27888
21267
27914
27929
27945
27950
27955
27967
27981
27997
28017
88010
40029
28060
28074
28092
28096
28108
28121
28138
28154
105919
28180
28183
28193
28213
28223
69312
28242
28250
28255
8953
28273
28282
28294
28305
28317
28321
105090
28339
28353
28357
28372
15402
15338
28401
28403
28416
28427
28438
89472
28458
28466
28468
28487
28498
28506
28519
28522
28535
28546
28562
28568
51898
28596
28609
28616
28630
28632
14359
28670
28674
28680
28687
28696
28712
28719
28721
28730
77436
28747
28753
28766
51888
28798
28815
51310
28852
88272
28857
28860
28870
28873
28880
98172
28906
40884
28935
28945
28960
28963
28978
28983
28999
29013
29014
29023
29032
29045
29059
29063
104540
29094
29114
29117
29125
29137
29142
29147
29148
29163
29172
29177
29196
29199
29213
29218
29237
29246
29255
29256
29274
18091
29297
29310
29311
29327
42021
29339
29356
29361
29374
29379
29382
29396
29412
29414
29416
29419
29422
29428
29434
29435
29445
29454
29457
29459
22750
29481
29482
29491
29498
29508
39311
29527
29543
29559
29569
29580
29598
29600
29612
69620
57214
29654
29661
29678
29680
63090
29694
29713
29720
69939
29754
29761
29763
29778
29796
93584
29825
29831
29842
29857
29874
29892
29901
29917
104914
29928
29939
26276
29954
29971
29974
29991
34689
30011
30029
30036
30042
39397
30068
30070
30074
72273
73596
30104
30116
30127
30143
30301
30155
30173
30190
30193
30203
30222
30242
30248
30257
30262
30280
30298
30151
30319
30325
30342
30354
30366
30386
105438
30418
30421
30426
30435
25402
30455
60025
30475
30477
30480
30492
97426
89016
30520
30532
30540
53246
30550
30556
30560
30571
30581
30591
18142
30614
30627
30641
30642
30654
30672
30687
93335
30700
30712
30731
15219
30744
39048
30759
30773
30780
30797
30806
32348
30821
30823
30825
30842
30849
30853
30866
103571
30900
30903
30922
30930
30942
30960
30979
30997
59826
88419
37133
31028
31029
31039
31040
31043
31056
89690
31079
31095
44349
31103
31119
31121
31129
31137
31146
31163
31170
90985
31189
31198
95314
31216
31226
23495
31259
31262
31268
31281
31292
31310
31318
31327
31334
43954
31339
31341
31349
31362
31381
31392
31409
31426
31427
31446
31458
31471
42519
31481
31491
31495
31509
31527
31543
31563
31567
31586
31592
31611
31622
31642
20031
25300
31680
31683
31692
87816
31699
31719
31731
31737
31755
31774
70281
23285
31790
31809
31811
31823
48718
17450
31863
31882
31900
31901
31910
31929
31943
31962
31972
31985
32003
32016
32030
32043
89007
32076
32092
32110
32113
32119
32129
91583
32145
32157
32172
27501
32200
34259
32225
32239
32243
32248
32268
32285
32343
32303
89228
32315
32321
32337
32295
30817
32354
32366
79924
32387
32391
32395
32408
5255
32418
32433
32447
32457
32467
32475
32480
32482
32492
32510
32525
68883
32543
32554
56323
32592
32593
34472
32612
32625
32644
32650
32669
32671
32691
32699
32711
32712
48785
32741
32744
32746
32751
32753
32758
32769
32774
32787
32796
32797
58785
32818
32837
32853
32856
32866
32886
9628
32908
32915
32917
7959
32925
32931
32943
32949
32966
32968
32974
32979
32986
32996
33010
33023
33037
33050
62287
33076
33077
33079
33098
27870
33122
19076
33153
33164
46783
46059
33203
19995
13288
33230
33246
33254
74408
33271
33291
33308
33320
33323
33336
33340
33354
33360
33365
33384
33401
33412
33419
33427
33433
44365
33451
9600
33473
33491
97738
33509
33522
33533
33541
33552
33553
33573
37930
33583
33588
33598
33603
33620
33625
33634
33641
33657
33671
33672
33689
33695
33715
15732
33734
33751
33767
55827
33779
33787
23666
33804
33818
33822
33827
88092
33854
33873
33877
33886
33891
33892
40068
33896
33906
5523
33918
33934
33953
33955
33965
33969
33978
24355
33987
34004
34022
34024
34025
51247
43606
34057
34069
34083
15820
34090
34095
34099
34108
34109
34127
34139
34158
34160
34168
34184
34199
34213
34218
34224
34237
34241
34243
32217
34274
34277
34284
34301
34305
34309
34327
34346
34360
34365
34374
34394
34411
34420
34435
34439
34442
34451
34457
70133
34486
92544
34494
34502
34522
34525
34542
34552
34571
34584
34594
34610
34616
34627
34637
34657
34670
30006
34704
34710
34716
37570
34736
34754
34756
34772
34781
34796
34816
34831
34832
65254
34856
88912
34891
34906
34926
34927
34930
34947
34964
34981
34986
35003
35004
35011
35018
60989
105682
35045
35062
35075
35090
14401
35108
35123
35127
96295
35162
35166
35184
35195
35201
35204
74842
35221
35233
35235
35250
35253
35260
35263
35273
35292
6706
4963
35335
35342
35356
35373
35392
35409
35411
27410
35431
35444
35448
35468
35477
35488
35491
35497
35505
35524
35531
100967
35544
35551
51428
91872
35590
35609
35628
67443
35651
47706
35676
69152
35708
35714
35724
35734
35748
35755
35766
35780
35792
35797
69219
35821
84117
35824
70037
35838
35848
35855
35860
35861
35875
35884
3968
100829
95172
35930
35937
35948
56937
35972
35990
35994
15706
36004
36017
36018
36033
36039
33174
36065
36076
20136
36107
68248
36125
36131
36150
36155
36174
36181
36198
36210
36213
36219
36228
36246
36260
13694
36269
36283
36291
36297
36309
36319
36334
36349
36361
30883
74961
104469
36402
36408
36426
36434
36447
65379
36484
70333
36516
36528
94222
20927
36554
36561
54416
36573
41255
36599
36619
36631
83136
36648
45136
36662
36670
36683
36697
36712
36713
36724
57533
36737
36748
36768
17919
36790
36791
36799
36814
36816
9817
16196
10516
36864
36876
36889
36899
36909
36911
36914
36921
65305
36942
36955
36962
36977
36993
37000
90659
37023
77953
37042
37056
37073
37079
37098
24523
37113
37124
94760
37142
70605
37151
37157
37164
37174
37181
37185
37195
48823
101451
37224
37237
37249
37263
37267
37272
37287
102589
37319
23246
87046
37366
37373
64381
37392
37398
37409
37424
104787
37440
37457
37467
37475
37483
37495
37501
37511
37518
37519
37534
37536
37554
34727
37589
75728
37596
37600
37615
37632
3651
14994
37664
47366
37685
37688
37708
37727
37732
37734
37752
37762
37781
25702
37808
39451
37833
65578
16674
37871
37890
3692
37910
37923
33577
37949
37954
37974
37993
37999
38016
59048
38045
38050
38059
38060
38068
38078
38087
38092
38103
38116
38125
38126
38133
38153
38158
38164
38184
38194
38209
38222
38238
38244
38250
38266
38273
38282
38291
38297
38306
38312
38316
38332
24507
38359
38363
38381
38401
38414
38415
38431
38438
38445
38449
38458
38463
38466
16594
38499
38500
88614
59558
96015
38551
38562
38571
38588
38597
38600
13758
38626
38638
38648
38668
38673
76398
104027
38712
38718
38737
38740
38760
38780
38782
38789
38805
38819
38836
38853
38854
38866
38884
38892
38904
38906
90814
38932
38935
103645
38957
38976
38981
38999
39009
39029
39042
30752
39064
39074
94649
39102
39119
39132
39143
39148
39149
39161
39170
39176
54005
39180
39184
17008
39222
39224
39236
39254
39255
39262
57371
49152
39286
39292
89618
39327
39345
39364
39381
98739
39402
39418
39425
39443
39448
37823
39470
39487
91377
39501
50104
39523
39543
39552
39559
39567
39569
44724
39572
39592
39610
39614
39617
47345
39635
13006
39659
39676
39680
59471
39682
39701
94785
39727
39729
39745
39752
39768
39787
23601
39812
39817
39828
39834
39837
39846
39865
39878
39885
39888
39889
39900
39908
39928
39943
39957
39961
39975
39982
40000
40018
72540
16275
40035
40045
40058
40065
51006
40085
2079
26771
40121
40123
40133
40141
40147
40156
40159
40167
40181
40193
40196
40209
40210
40220
40229
40241
40247
40250
40268
40279
40296
40314
40324
67623
40344
16030
40364
40380
40398
40400
40413
40422
40436
40447
40457
73999
40480
40492
40511
40522
40532
40538
40542
40547
40560
40579
40593
40602
40619
40627
40635
40647
40655
90465
40682
40692
58628
40721
40725
40728
40733
61756
40766
40776
40779
40786
40804
40817
40831
40841
71006
40861
40864
40868
28921
40890
40897
40905
40912
40926
40941
40957
40963
40969
40975
40987
14506
41006
41012
41015
41022
41030
41043
41044
41056
41063
41065
41082
41096
41114
41117
41123
41135
41150
80072
41179
4361
48536
41211
41213
41216
41232
41244
81006
41263
41271
41273
41292
41303
41322
41330
41331
41347
55013
41371
41381
41398
41409
41413
41415
41417
104175
41430
41438
76438
41457
41475
41487
41500
41505
41519
44102
54701
41551
41557
41558
41574
41580
41593
81572
41611
41624
41643
43028
41665
41671
41674
62699
41690
20060
41728
41739
41754
41773
41787
22977
41805
41824
41826
41833
41846
87757
41863
41873
41889
41906
41915
41931
41937
41948
41949
21293
41970
41975
41986
42000
3459
42003
42006
42010
42011
29338
42032
42046
42055
42067
42075
42094
10304
42106
72930
42121
42137
42145
83130
42155
42173
42193
42213
42217
42230
42250
42262
42274
10707
10813
19077
42332
42344
42355
42372
42375
42379
42382
42396
42404
75172
42430
42434
42447
88492
42465
104832
42499
31472
42534
42547
42559
100716
42572
55570
42589
42601
42617
42633
42644
42658
46511
42683
42697
42704
80970
42737
42740
75952
42752
42755
42773
42787
42797
42817
4790
42832
99480
42856
42862
42867
42873
42889
42906
42924
42940
42951
42966
42983
42990
43007
88777
43014
43020
93612
43027
81290
43046
43061
43075
43083
43092
43096
43109
43125
43145
43162
43164
43175
43184
43192
43204
43208
43209
7767
104807
43225
43230
14247
43240
43248
43263
43276
43279
43288
43299
43317
96467
43343
43347
43351
43360
43369
43389
16858
43413
43431
43447
43461
60573
43473
43474
48239
87465
43510
69378
43542
17125
43569
43588
34046
43621
43622
43640
43651
43654
43665
43677
43697
43708
43728
43736
43748
43756
43762
43774
43781
43799
92345
43838
43843
43854
43855
74825
43886
76282
43907
43922
43934
43950
31336
43966
43983
43996
44014
9031
44042
44058
47849
44088
41532
44117
57653
44133
44140
44142
44150
44170
44186
44191
44206
44223
44243
44254
44264
44273
44287
44291
67038
44308
72140
44332
12535
33437
47943
44396
44411
44429
68399
43502
44482
44498
44507
44512
44522
44526
44535
44545
44560
44564
44580
44595
44604
44614
44616
44625
44637
44639
44652
44664
44675
44682
44701
44706
102065
39571
44726
44739
44744
44752
44763
44767
44770
44786
44795
44797
91369
44829
44834
44839
44848
44863
4272
44896
44914
95581
60705
44948
44951
71143
44955
44975
44981
44990
3048
22552
45023
45039
21188
45053
45073
45074
45075
45088
45106
96525
36655
45140
45158
45171
45174
45191
45203
45210
45218
45222
45233
49512
45256
78435
45268
49556
45308
52367
45339
105744
87119
45370
45376
45393
45413
45426
45443
45458
45475
45484
45494
45513
45526
45545
45560
45579
25161
45599
45617
45621
45638
45650
45654
45669
45682
45693
45712
45728
45740
45758
45760
45770
11193
45796
45806
45823
45824
45843
45856
45868
17016
45892
45897
45898
45899
45919
45931
45932
45952
45959
45963
45980
45994
46001
46014
46020
46025
46032
46038
46040
46049
46050
33192
61825
46095
90602
46113
46115
46125
46144
46164
46167
46172
46185
46191
46197
46214
46233
46240
46255
8093
89362
17672
80015
46284
97495
46297
46308
46311
46323
46343
46360
46363
46382
15510
46400
46402
46413
46419
46427
48575
46446
46466
46475
46486
46489
46495
60145
46518
46520
46538
21641
46555
46562
46567
64177
46588
46607
46621
46633
46651
46662
96444
46685
46688
46701
46719
46730
46744
46753
46754
46771
46781
36050
46803
46806
46823
46826
46834
46841
46852
46866
46878
46879
46896
46900
46917
3676
46934
46936
46952
46970
46983
46996
47015
47016
47031
47048
47060
47066
47076
80654
47107
47115
10498
47146
47163
11312
47195
23162
47232
47242
47252
47253
47273
47287
47290
47307
47318
47326
39629
47350
47362
37679
47374
47381
47389
47407
47411
85680
47438
47450
47460
47463
47474
47480
47495
47515
77910
47528
47543
47561
47565
47574
47575
47592
47609
47613
47623
62668
47654
47674
47677
47678
47698
35661
47723
47728
47743
47758
47771
47780
47788
47807
47824
47829
47831
18060
47860
47870
47877
56387
47904
47916
104029
44382
47944
47945
47964
47968
47977
47987
47997
48003
48006
48022
48027
48028
48042
48056
48062
48081
48085
48088
52262
48107
57489
48129
48137
48147
48157
48166
48186
48206
48219
43491
48247
77995
48266
48276
48289
48308
102669
48311
92064
65420
48345
48364
48375
48381
81810
48412
48425
48440
48444
48454
48458
19084
48477
48485
74711
48506
48519
41206
48542
48543
48557
46440
48584
48589
48604
48618
48622
48640
48642
48658
48673
48688
48701
48709
4977
72859
48733
48739
48757
104944
32729
48802
7085
37198
48827
48836
48843
48852
48871
48878
48881
48892
48894
48898
74774
48907
48925
48943
48945
48959
48969
48982
48987
48989
48993
49008
49020
49037
49051
49052
49069
49072
49088
49106
49125
49143
49149
39271
49170
49184
49191
49211
49217
49229
62116
49249
49266
49283
49301
49317
49333
49335
49345
49355
49361
49373
49383
49386
49403
49406
49426
12591
49446
52719
49468
49475
49479
49485
49499
45243
49519
49536
49550
45288
49568
49585
58381
49600
49619
49623
49638
49658
49665
49668
49676
49689
49701
49702
49709
49712
49715
49727
49747
49751
49756
22802
49778
49781
49794
49803
49813
49828
49845
49865
49877
49889
49903
85192
49938
49952
49968
49984
50000
50018
20086
50053
50057
50077
50097
39518
50107
50123
50143
50149
23910
53354
50193
50194
50209
50221
50224
50238
50251
50255
50269
50271
50289
50302
50304
50314
50320
50333
50335
50349
50353
50354
50355
50356
50369
50387
65600
50409
50415
50428
50434
50452
26297
50482
50488
50503
50521
50523
73259
50558
50561
50573
50580
50592
50600
92799
50616
50628
50639
50645
61148
50677
50694
50706
50721
50733
50745
50764
79500
50795
50805
50823
50833
68106
50838
50839
50851
50856
50865
50880
50886
50900
50906
50919
50926
50932
50943
50949
50952
50960
50979
50990
33894
25525
51024
51031
51049
51050
51061
51077
51082
51083
51089
51104
51123
61505
51147
51159
51172
51192
51205
51214
51222
51235
51240
34033
92996
51254
51265
51271
51279
51297
51309
28835
51330
10703
51346
95394
51368
51373
51381
51397
51405
51414
35569
51445
92668
51467
51472
87838
51500
51504
51511
51531
65549
5750
51563
51569
101446
51597
51599
94442
51624
51628
51640
51641
51643
86164
51676
51683
51691
51710
51718
51736
51748
51758
51772
51786
51804
51806
51807
83715
51835
51840
51858
51868
51878
28783
51893
28582
51915
51920
51927
51941
51956
51966
51980
51983
51991
52007
52020
52038
52045
52046
52066
52086
52095
86878
75417
52115
52134
96600
52150
52163
52178
52184
52203
52214
52217
52230
52247
52248
48093
52271
52275
52295
52307
52315
52319
15926
52324
52341
52354
52357
45323
52373
52388
52396
52400
15943
52406
59525
52421
52429
52431
52441
52444
52454
52473
11010
52481
52490
52508
52523
102314
52559
52575
52592
52599
52610
52617
52631
84367
52647
52657
52662
52666
27402
52680
52687
52691
52701
94471
52737
52756
52767
52772
52774
52781
52794
52804
52823
52833
52848
52864
52870
52883
52902
52916
52922
52928
52943
52944
70659
52976
52993
53007
53023
53025
79077
70521
53059
53062
53066
53072
53090
53094
95952
53119
24579
53144
53147
53167
53175
53190
53205
53211
53221
53230
30541
53263
53279
53299
53311
57833
53345
50175
53368
5473
50612
53394
53402
53420
53425
53435
53453
53458
25840
53484
53495
53497
53504
44072
82827
53532
53552
91282
75908
53578
53582
84654
53604
53612
53615
53631
53642
53647
61472
53673
53674
53676
79786
53696
53705
74443
53723
53736
53744
53756
53759
53771
53785
53794
53802
26424
53834
53840
53848
82732
53862
53881
101381
53905
53910
53916
53922
53928
53929
103479
53943
53957
53968
53978
53982
53991
39179
71280
80928
54041
54053
54073
54075
54077
54091
62476
54113
54115
54133
76788
54154
54164
54181
54182
54185
72308
54193
54201
54221
54227
54243
54262
54274
54284
54287
54293
54301
54317
7487
54325
54344
54355
54367
54386
83184
54401
74354
54417
54431
54433
54445
54457
54477
54488
54496
54498
54502
54518
9256
80950
54534
54544
54547
54559
54564
54569
54579
86487
54592
54599
64266
54615
54617
54626
54639
54656
54671
54685
41543
54705
54712
54726
54743
54758
54764
87399
62855
54797
99774
54815
54827
54844
54856
54869
54876
54886
54894
79732
94727
57134
54950
54960
54102
54990
54995
71119
2433
84547
55031
55039
55043
55051
55071
55089
55096
55110
55123
55135
55140
55160
55166
55170
55183
55186
55188
55200
55203
96494
55214
55224
1487
55252
55255
55270
55286
55292
55296
55314
55321
72594
55351
55354
55366
55375
55387
55388
55394
55398
55401
67825
55411
55424
55434
55440
55447
55461
55477
55481
55490
97783
55512
55532
55539
55548
55550
55554
101628
55574
55584
55594
55605
55619
55630
55634
55651
55659
55675
55689
55703
55712
55730
55736
65768
55768
4831
55799
93866
33768
55847
55859
55872
55886
3575
55907
6860
55922
55923
55928
55948
11679
55974
55988
56007
56018
56034
56040
56042
56046
56053
77205
56080
56099
53521
56123
19979
56152
19000
56176
56181
56191
56202
56209
56212
56218
77962
56231
56244
56256
56271
44814
93504
56284
56287
56291
56299
56302
56306
62566
56343
56350
56363
56371
47884
56403
56413
56429
56434
56448
56453
56458
83470
74829
56501
56517
102436
56545
20282
56563
56574
17074
56597
98012
56632
56642
56653
56661
56676
63213
56700
23637
56717
103756
56748
56752
56765
56779
56787
56802
81790
56825
56838
26997
56855
56862
56863
56873
56878
56891
56901
56921
56936
35965
56948
56953
56970
56985
56991
57007
57013
57027
57042
57047
57067
57074
57090
57107
57122
54937
57136
57151
57160
57173
57187
57194
57208
29638
57223
57242
57258
57260
91893
57285
57292
57309
57310
57314
57330
57337
57339
57350
63039
39264
57376
57393
57408
57414
57432
57452
57454
57472
48109
57494
57502
57519
36727
57550
57557
57571
57579
57582
57589
57595
57597
57599
57605
57615
60756
57635
44128
57656
57675
57689
102336
57716
57728
61406
57735
73336
57750
57754
57763
57778
57782
57794
57811
57813
57818
57819
57825
15280
53330
57852
57862
57865
57872
57875
100177
57899
3724
57917
57927
57945
57958
57961
57975
57984
57998
63654
58029
58030
58050
58070
58072
58086
58103
58107
58108
58118
58128
58131
58132
58134
58139
58146
17585
58158
58176
58191
58205
58218
58227
58230
100034
12085
58272
58284
58290
58302
58305
73869
58335
58341
58359
58360
58369
58373
58380
96652
58392
58410
58430
47215
58454
58456
58473
58483
94032
58510
58520
58524
58533
58551
58561
58580
58582
58594
58614
58619
40710
58641
102780
58662
58681
58694
58711
58718
58735
58748
58766
58768
3679
58783
32799
58801
58815
58821
58826
10286
58842
58851
58855
58868
58881
58885
58898
58900
78046
58920
18821
19754
58931
58946
58965
58978
58989
58994
59012
59014
60711
59042
59045
38031
59066
97684
59082
59098
59110
59111
59131
59149
59162
59176
59179
59182
59197
59205
59222
59228
92463
59248
59255
59269
64338
86702
59325
61616
59354
59363
59368
49759
70748
59415
59429
59438
26091
59462
39681
59476
59482
59502
59513
52416
59542
38536
59577
59591
59593
59604
59615
27463
59645
59665
59673
59692
59699
59700
59709
70713
21270
59738
59754
59756
59774
59787
59804
59818
31005
59834
59847
59848
59859
59876
59881
91927
59905
59911
59926
59946
59952
59970
59980
59994
9944
30465
60030
60045
60050
60055
54013
60081
60083
98333
60098
60113
95997
62726
60142
60607
60164
60182
65759
60200
60206
60212
60224
60234
60249
60250
60252
60272
60291
60304
60311
19205
60339
60356
105709
60382
60395
60413
60421
60426
60440
60448
60458
60468
58446
60492
60494
60509
60511
60524
60527
71642
60543
18648
43466
9753
69247
42669
60622
60632
60642
60653
60656
60660
60668
73315
60688
60689
44946
59030
60720
60722
60731
60732
60744
57624
60768
60779
60781
60794
78828
60815
60829
60832
60594
60869
60888
60893
60911
60931
60942
60951
30735
3864
60973
74905
60986
35020
61007
87175
61041
61061
61075
61090
73618
61115
61132
61147
50659
61158
61165
61175
61189
61208
61218
61225
61235
61248
61264
61270
61283
61303
61323
61336
61354
61373
61386
61390
61399
57730
61414
61429
61434
63786
61457
20992
61487
61493
61501
51138
61524
61533
61543
61545
61557
61569
61573
61586
61598
59340
61631
61651
61657
61660
61668
61670
61689
61706
46269
61724
61734
61740
40752
61775
61777
61781
61798
61815
46075
61834
61845
61858
61862
61875
61886
61904
61912
61915
61930
61932
61943
61946
61960
61969
61978
61991
61994
61995
62008
62024
62025
62026
62037
62039
24931
62066
62074
17167
62090
62099
101226
62124
62127
62141
62161
62172
62183
62193
62210
62215
62223
62242
62257
62267
33068
62294
62300
96689
62311
62328
21941
62345
62346
62353
62361
62371
62386
62387
62405
62408
62418
62429
62445
62458
91996
62474
54973
62484
62485
62495
62496
62511
62512
62530
62549
32572
62586
62593
62604
54388
62623
62639
62651
47637
62676
62685
100722
62708
60132
62741
62743
62755
62768
97439
62788
62796
6308
62829
62835
54787
62863
10788
62883
62891
62905
62920
62927
62937
62956
62965
62971
62983
62984
63001
63012
63020
57365
63046
63054
63057
63063
96636
97238
63083
29692
63093
63098
63103
94969
63140
63160
8123
63186
63198
56692
63219
69544
63244
63253
63259
63265
63285
63286
63294
63310
63312
63324
63339
63347
65171
94957
63355
63365
63366
63381
63392
63411
63425
63438
63448
63464
75239
99025
88325
63527
101663
63549
63567
63569
5785
63586
63588
63605
63608
97950
63616
63633
63643
103409
58013
63659
63670
63671
63673
63674
63676
63693
63700
63703
63714
63719
63723
63732
63740
63747
77611
63773
63774
61446
63788
63790
63809
63829
18944
63846
63866
63884
63899
63908
63916
63933
63942
63953
34492
63978
63993
63995
64015
64035
76837
35418
64067
64080
64096
64113
64129
64136
64140
64154
64162
46579
64180
64194
64198
15775
64218
88249
64236
64240
64243
105106
103728
64284
64302
64305
64320
59287
64353
64358
64377
37378
64382
64399
64409
64428
64438
72580
64454
64474
3283
64501
64507
64510
64519
64524
64532
64541
64546
64561
64570
64582
64601
64610
64630
64631
64647
64664
64671
64687
64700
64720
64729
92226
64751
64766
64773
64792
64794
64799
64815
64825
64838
56812
64873
64884
64894
9189
64902
64906
64911
64930
92277
64962
64971
64986
64988
64997
27831
65016
65028
65040
65048
65063
65072
65075
65094
65102
65109
83408
7533
105485
97449
65191
65209
65226
106195
65247
65249
34842
65256
65268
65276
65285
65291
86265
65310
65319
65320
65321
65341
65355
65358
65362
103267
65383
65399
65419
48334
65421
65436
65456
65465
65475
65483
69483
65511
65526
65529
65533
51533
65551
65563
65574
37851
65591
50396
65608
14274
65621
65634
65644
65652
65656
65660
65664
65673
65681
65688
65708
65714
65715
65730
65739
60193
55752
89379
65791
65811
65820
65835
66029
90374
65882
65893
65898
65915
14434
65938
65944
65957
65974
65985
65999
78772
66015
65843
66045
66046
66050
66060
66065
66074
66094
66113
66119
66129
27656
66151
66160
66172
66185
66193
66203
66205
66224
66227
66235
66240
66244
66250
66257
66275
77495
66308
66317
66320
66322
66332
66343
66353
66366
66380
66392
66397
66414
11405
66432
66446
66458
66463
66474
66478
66484
66503
67522
18256
66538
66550
66553
66556
20715
66577
66580
66597
66617
66624
66636
66651
66663
102717
66686
66701
66707
66721
4328
66741
66748
21356
66779
66788
66806
66810
66825
66830
66835
66841
66847
68900
66878
66886
66894
66896
66907
66918
66936
66956
66964
66966
66978
66998
66999
67016
84025
102988
67036
44295
98412
67057
68018
67082
67098
67113
67115
67123
67141
67150
67158
67178
67196
67211
67228
67247
67265
3292
67267
67275
73067
67304
67314
67318
67326
67342
73395
67358
67374
67391
67396
67416
67436
35638
67456
67457
67477
103945
67493
67508
88194
66517
67534
67535
67548
67562
67566
67586
67590
67604
67609
40326
67636
67641
67642
67649
67667
67681
67691
67703
67708
67724
67741
67753
67767
67776
67785
67786
67805
67806
44465
67843
67850
67858
67875
67888
88948
67916
67936
67950
67968
67975
67983
67988
68008
67077
68021
68033
68042
68061
68073
68079
68094
68096
50836
68122
68128
68146
68163
94353
68197
68213
68215
86002
68237
68240
105503
68263
68274
81731
68290
68300
68306
68313
68324
77519
68334
68348
68357
68363
12416
44446
68417
68434
68448
68449
68465
68481
68486
68493
68496
68503
68507
68526
68529
68542
68550
68552
68554
75371
74681
19603
71901
68623
68626
68644
68663
68666
68681
68687
68690
94455
68727
102098
68749
68755
24167
68778
85533
68802
3803
68813
68826
68845
68855
68861
68868
68877
32533
68887
68899
66863
68912
68919
68936
68948
58930
68972
68989
69001
69009
69022
69027
69033
69048
69049
69058
69062
23197
16047
69101
84209
69124
69143
35691
69160
69168
69181
69183
69190
69197
69213
4924
69230
60851
69267
69277
69278
69280
14588
28225
69325
69336
69338
84444
69361
21092
69391
69404
69421
69431
98238
69451
69459
6950
65503
69496
69508
69510
14975
69527
63236
69547
69565
69579
69590
69606
99658
69636
69649
69657
69673
69682
69687
69693
69699
69713
69720
18534
69743
69745
69759
69769
70825
69786
69791
21794
69822
69840
69855
71356
69886
69905
69924
69929
29738
69948
69950
69963
9510
69992
70004
70011
52103
35835
70049
70056
70068
70072
70079
70091
70104
73816
89836
70136
70151
70161
70164
70165
70179
70199
70202
70220
70223
70240
70257
70259
70265
31780
70284
70291
17758
25726
70318
70319
70328
36499
70335
70343
70356
70357
70375
56163
70395
70401
70403
70423
70432
70441
70443
70446
95623
70480
70482
70496
70502
53045
70531
70533
70545
70558
70560
70574
70580
70597
37147
70612
70627
70643
52960
70678
89898
70694
70697
92666
48472
70721
70727
70740
59400
70750
70761
70764
70779
70792
70799
70806
70810
8837
21215
12178
70873
70886
70892
5372
70909
70917
70935
70941
70944
70951
70959
70971
70974
70988
70993
40860
71016
71034
71042
71043
71056
71072
20693
71087
100908
71107
41361
5764
98601
71153
71160
71171
71189
71200
71217
71221
14914
71243
71247
71254
71258
71264
71272
60066
71281
71300
22220
13513
71331
71337
71349
69868
71357
25930
71386
71387
71405
71421
105971
71454
71461
71473
71493
71506
71520
71525
71543
71562
71574
71585
71605
71609
71628
82102
71657
71665
76991
71691
71696
71713
71717
71732
93196
71752
71764
71773
71781
71797
106455
71827
71843
71852
71870
4026
68607
71912
71920
13970
25775
9390
71939
71951
71959
23117
71984
71991
71992
80028
72009
72025
72033
72040
3377
72058
72063
72076
72091
72102
104009
44314
63065
72157
72158
72159
101859
72179
72192
72207
72208
72219
72234
72252
72267
72269
30087
72280
72294
73800
72304
54190
72326
72343
72354
93712
72380
72381
72397
72414
72417
72436
72452
72467
72478
72485
72501
72517
85282
93959
72542
73914
72578
94908
72590
55341
72595
9637
10262
72638
72657
72660
72671
72688
72699
72700
72717
72723
72738
72753
72773
72784
72795
72811
78666
72828
72834
92835
72851
31827
72868
72874
72889
72892
72905
72907
90434
72923
72924
42120
72946
72963
72977
72980
72983
73003
82298
73024
73043
73057
73065
67294
73070
73087
26843
73122
1321
73127
73130
73139
95087
73148
82496
73152
73159
73169
73186
73188
29924
73210
73228
5102
50539
73277
73287
73305
60685
73331
57740
73339
73347
73352
73372
73376
95687
73398
9375
12002
90576
73434
73451
73469
73484
73490
73493
73497
73505
73516
73528
73537
94368
73551
73569
73577
30098
73598
61106
73626
73640
73651
23430
73668
73670
50777
73706
73715
73726
73731
73751
73765
73770
73789
72296
73804
70117
73828
73833
73851
58315
73873
73882
73886
73898
72560
73918
73929
73949
73955
73972
80194
40460
74008
74012
74019
74032
74048
74058
74076
74077
74080
74100
86387
74130
74144
74153
74166
74184
74187
74202
74222
74227
74246
9693
74271
74282
74293
74306
74310
74328
74346
83154
74370
74378
74398
33262
26198
74437
53718
21365
74465
74483
74499
74511
74528
77304
74557
74570
88312
10252
98476
74613
74632
74634
74646
74651
9709
74671
74675
68570
74697
48494
24178
74734
74739
74747
74754
74771
48899
74785
74797
74811
87061
102630
74835
35216
74854
74859
74872
74875
74876
74894
60975
74911
74912
74926
13314
74936
74946
74948
76266
74962
74969
74988
74994
74997
75006
75022
75028
75034
17705
75061
75073
75077
75084
75089
75095
75110
75128
75130
75143
88727
75161
42417
75177
75194
75211
75227
79714
75255
75271
75289
75290
75301
75303
75311
75313
75331
75345
75351
87937
75379
75393
96380
52105
75424
36382
75453
75462
75469
86994
75493
75512
75520
75535
75555
27216
75591
75601
75615
75616
75628
75637
75656
75676
75685
75702
75721
24293
75740
75743
75753
75758
75767
75784
75797
75799
75804
75816
75834
75843
75856
75875
75893
53562
75927
75935
75941
42745
75965
75984
75999
76002
76008
76016
76027
76038
76050
76062
76080
76095
76114
76115
76134
76153
76167
76176
76179
76184
76197
76202
76205
76221
76226
76245
76264
75444
76272
76276
43901
76298
76302
76322
76330
76334
76347
76348
76356
76364
76381
76384
76394
38675
76409
76429
24428
76444
76459
54798
76473
76489
76506
76513
76518
76536
76547
76548
76566
76583
76592
76603
8340
76627
76645
76654
80731
76667
76683
1279
76702
76714
76719
76738
76758
76778
54153
76807
76812
76827
64048
76842
76851
76871
76888
76904
76911
76931
76937
73690
76943
76950
76960
76963
76981
71671
76993
76999
77009
77020
77032
77038
77057
77072
77081
77088
77098
22019
24487
77139
77156
77166
77177
77184
77196
56071
77221
77239
77245
77247
62865
77275
77290
74545
77309
77320
77324
77334
77354
77365
77374
77390
77407
77423
77425
28743
77447
77467
77484
3242
77488
77489
66288
77503
77507
68325
77539
77546
77566
77576
77596
63754
77625
77632
77643
77662
77669
77672
77682
77700
77706
77721
77736
77748
77768
93608
77789
77806
77820
77839
77853
11799
77891
77896
47523
77925
77941
37030
56220
77977
48251
77999
78019
78022
78038
58916
92753
78074
78086
78102
78119
78134
78151
78164
78176
78177
78187
78204
78220
78231
78240
78243
78256
78267
78281
78293
78301
78312
78315
66147
78343
8916
78366
78382
78392
78409
78429
78433
45264
78437
78456
78470
78490
78494
78503
78505
78523
78543
78549
6772
78570
78582
78597
78608
78622
78632
78638
78643
78653
72820
78684
78695
92498
78714
78717
78719
78722
78723
78732
78734
78754
78764
101260
66014
78790
78810
60810
78833
90143
78866
78873
78876
78880
78892
78895
78907
78926
78943
78959
78974
88222
78992
79011
79026
79041
79048
79058
79066
53030
79096
79107
79122
79142
79148
79168
79187
79192
79199
79207
79222
79236
68771
79260
79276
79285
79301
79317
79330
79333
95817
79352
79355
79367
79385
79884
79409
89226
79425
79441
19366
15996
79477
79495
76939
79501
79521
79537
79552
79557
79576
79595
63646
79616
79623
79630
79647
6982
79670
79687
79703
56275
79716
79731
54911
79752
79763
79779
53688
79803
79820
79826
82917
79848
79862
79864
79879
79390
79890
79903
79920
32379
79938
79952
79962
79975
79985
79986
80000
80014
46278
80018
80026
71997
80046
80054
41160
80090
80094
80105
80112
4127
80131
80146
80159
80167
80185
80186
7726
80211
80215
80216
80234
16670
80257
80267
80279
80289
80300
80313
80324
80333
80343
80345
80353
80372
80387
80392
80411
80431
102137
80458
80459
80474
80481
80487
80504
80518
80520
80534
89655
80544
80547
69777
80550
80566
80573
80591
80606
80625
80627
80641
97550
80671
80683
80697
80711
76662
80736
80750
80757
80763
96542
80785
80803
80808
80823
80837
80851
80864
80865
80872
80882
80887
80891
80903
80916
54026
80945
54523
42720
80977
4663
80987
84459
70301
81029
79418
81055
81065
81077
81095
81101
81111
81120
81136
81152
106344
81177
81181
81201
81217
81237
81257
81268
81280
25134
81303
81310
81320
81325
81341
81361
81380
81393
81394
81398
81417
81427
81443
81446
81455
81459
81474
84969
81488
81505
81525
81538
81547
81558
69976
14804
18303
81602
100180
81615
81621
84609
81638
81654
22284
81660
81674
81681
81692
81701
81719
68277
102203
81769
81773
81775
81780
64856
81800
97092
81812
81829
81843
81853
81859
81867
81884
81902
81903
3660
81927
81939
81956
81958
81978
62309
82005
82022
82034
82054
82070
82083
82092
60533
82103
82113
82129
82141
82157
82162
82180
91264
82191
103562
82223
82225
82230
76470
82257
82272
82285
73005
82306
82324
82328
82334
82345
82352
82370
82381
82393
90223
82421
82435
82454
82462
82466
82468
21679
73150
82505
82523
82537
82546
82547
82566
1947
5893
104592
82607
82627
82643
82662
82674
82684
82691
82699
82710
82714
82717
82720
53858
102721
9632
82740
82751
82755
82763
55956
82787
82794
82803
82814
53525
82829
82833
82850
82858
7860
82879
82899
82916
79830
87459
82941
82951
82964
82979
82993
83010
6641
83030
83044
83057
83072
83087
83104
83123
42148
83131
36637
87834
83164
18513
83177
62613
83203
83218
83235
83250
83258
83263
83281
83293
83313
83317
83322
83335
83336
83352
83359
83371
2538
83391
65123
83422
83441
83444
83448
83459
83462
56467
83486
83500
83505
83515
83530
83538
83546
83561
83572
83590
83606
83613
83618
83629
83649
83660
42828
83683
83695
51818
83731
83732
83745
83748
96921
83762
83765
83782
83802
83815
83826
83830
83840
83853
83865
83872
83875
83884
83897
83898
83902
78066
83919
83937
83938
86528
83960
83966
83973
83990
12429
84014
67018
84033
84043
84056
84058
84075
84094
84101
35822
84118
53386
84138
84139
84155
84165
96841
84202
84203
106160
84221
84237
84257
84276
84277
84287
84297
84303
92519
84320
84329
84348
52645
84386
84388
84404
84415
11494
69344
84454
36579
84460
84469
84470
84471
84488
84490
84509
84525
84532
84535
55030
84552
84563
84571
42569
84590
84599
84604
81623
84627
84642
84645
53591
84668
84673
84680
84685
84696
84705
84717
84724
84737
84744
84747
84754
84767
84768
84785
84804
84807
84826
84832
84843
84859
84875
84882
84896
84901
84914
84922
84936
84950
55818
84973
84992
84995
84998
85014
85027
85029
85037
85051
85057
85073
85092
85108
85111
85112
85125
85130
85141
85148
85158
85691
85174
12312
49919
85208
85213
85227
85244
85252
85266
85268
85271
72521
85284
85288
85289
85303
18796
85321
85324
87673
85361
85373
85385
85399
85400
85404
85416
85430
85449
85457
85469
85480
85486
85488
85489
85495
85505
85513
68796
85539
85549
85560
85570
85588
85594
85613
85629
85633
85653
85655
85675
26762
85172
85707
85726
85741
85746
85755
85758
85776
85795
85813
85831
85842
85846
85865
85879
85889
85891
85904
2463
85925
85940
85950
85951
13172
85971
85982
68235
86015
86017
86031
86046
86061
86065
86072
86085
86100
86109
86122
18836
86150
51660
86171
86189
86196
86210
20954
86218
86227
86229
86247
37436
86272
86277
86293
86313
86333
86352
86354
86366
86367
74112
86393
86403
86410
86419
86437
86455
86472
86482
54584
86505
86513
86516
96922
83956
86542
26529
86560
86568
86574
86585
86605
86611
86620
86631
86643
86657
86674
86694
59305
86719
86724
87146
86735
86748
86754
86767
86784
86800
86815
86825
92613
86841
86858
86871
70026
86891
41660
86924
26159
86947
86953
86970
86976
86980
86982
86985
75486
87009
87020
87026
37346
43873
87074
7050
87113
87115
45356
17974
87132
104357
87162
61026
87194
87214
87230
87234
87241
87261
87279
87291
87294
87314
87333
87346
87349
87359
87370
87374
87389
87396
54784
87412
87413
87417
87424
87437
87457
82931
74930
87482
87492
87509
87511
87516
87530
87534
87544
87555
87564
87583
87587
87600
87610
19423
87626
87628
87642
87659
16947
89286
87702
87719
87738
87749
103976
87760
87778
87781
87794
87798
31695
87833
36567
51484
87846
88342
87867
87887
87901
87905
87924
68560
87954
87961
87973
87978
87993
28036
88025
88031
88048
88065
88081
33843
88101
19004
88121
88129
88145
88161
88177
67511
88205
74417
88239
13414
64228
88251
88264
17111
88290
88291
88301
74583
88321
63508
88334
87866
88362
103325
88398
88413
31010
88430
88439
88453
88456
88457
88459
88469
88476
88477
88486
42454
88495
88507
88524
88541
88552
88569
88579
88590
88607
38517
88623
88639
88641
17351
88658
88661
88665
88679
88687
88698
88711
16714
19714
75150
88729
88737
88752
88758
88763
43012
56116
88805
88814
88815
88831
88851
103533
88870
88878
88892
34873
88922
24837
67907
88958
88974
88992
88997
3011
30513
89023
89031
89033
89052
89066
89075
89093
89104
89107
89115
89127
89146
89149
89167
89178
5018
89202
7120
81045
32310
89235
89253
89261
89276
87691
89302
89318
89338
89349
46268
65777
89399
89407
89413
89415
89425
89444
89451
89458
28446
89484
10407
89490
89508
89525
89544
89556
89562
89565
89581
89597
89612
29525
89635
80539
89657
6851
89677
31076
89698
89718
89734
89739
89755
89766
89779
89798
89803
89816
89823
32604
89838
89849
89852
89867
23743
89872
89880
89889
70686
89900
89917
89922
89934
89937
89948
89955
89960
96323
89980
89997
90003
90013
90015
90031
90044
90054
90070
90078
90088
90095
90100
90106
90126
78850
90159
9917
90179
86559
90205
90209
90213
90215
90219
82410
90228
90237
90240
90249
90257
90276
90293
90304
90309
90314
90321
90325
90340
90357
90368
90369
65862
90391
90395
90407
90418
90422
72913
90446
96815
40670
90475
90484
98710
90504
90524
90542
90545
90560
90569
73426
90593
46108
90614
90620
83671
90642
37012
90672
90688
90695
90697
93850
90728
90739
90758
90763
1868
26624
22542
90801
90806
38924
90825
90836
90838
90858
90870
90871
90877
90893
90899
90908
90921
90932
90935
90949
90955
90969
90976
31182
90998
91014
91031
91048
91054
91073
91084
56528
91101
91107
91126
91127
91147
91167
91187
91196
91201
10238
88859
91221
91224
91230
91235
91253
82185
53558
88941
91307
91320
91338
91345
91346
91349
91353
5916
91363
63475
39493
91384
91399
91418
91422
91439
91454
91474
91485
2001
91513
91517
91519
91530
91548
91565
32139
91602
91611
91612
91623
91634
91640
91655
91673
91680
91692
91697
16400
91713
91719
91730
91744
91764
91770
91777
91794
91806
95728
91825
91836
91852
91859
91863
35588
91885
91892
57277
91900
91910
91911
91912
59887
91934
18988
91962
91974
91987
62463
91997
92017
92031
92045
92057
48319
92067
92079
92094
92097
92116
92127
92141
92155
92159
92167
92179
92180
92193
92208
64739
92245
92256
92276
64947
92297
92305
92314
92328
43819
92348
25119
92374
92388
92390
92397
10154
92416
96967
92447
92462
16635
92475
92479
78704
92511
84308
92530
63958
92545
92561
92575
92579
92598
86840
92631
92637
92653
92660
59718
51454
92686
92698
92709
92724
92725
92733
92739
83906
92762
92780
92790
84123
92813
92815
72841
92851
92871
92879
92886
92891
95685
92902
92911
92918
92938
92956
92957
92971
92976
51248
93011
93030
93045
93056
93065
93073
93092
93106
93115
93131
93138
93157
93167
93168
93171
93185
71747
25799
93227
93241
15273
93251
93261
93270
93276
93279
93297
93313
93332
30689
93345
93361
93376
93394
93398
93410
93427
93430
93438
93440
93453
93456
93466
93468
68589
56280
93513
93520
93531
93539
93542
93552
93553
93567
29806
93593
77787
43026
22087
93631
93636
93656
93661
93668
93684
93686
93690
93702
93706
72368
93714
93717
93730
93740
93758
98077
93787
93800
93807
93816
93824
101124
90712
93865
81482
93886
93904
93914
93919
93925
93940
93949
93954
28049
93963
93969
93987
93998
94007
94014
58494
94034
24816
94064
105974
94083
94085
94098
94114
94127
94147
94158
94161
94172
94174
94192
94203
36529
94229
94249
94261
94270
94281
94282
78354
94303
94311
94320
94328
94334
94346
68178
94360
73545
94381
94387
94407
94412
94417
9472
94433
51609
68709
27416
94461
49460
94481
94496
94498
94507
94522
94525
94534
94551
94552
94555
94568
94569
94587
94600
94616
94624
94630
94643
39094
94659
94664
94665
94681
94696
94715
54924
94743
31015
94773
94774
94784
39716
94791
103011
94818
94837
94854
24652
94878
94896
64451
94918
94920
5460
94937
94954
10186
94966
63123
94970
106564
105021
95014
95021
24817
95049
95066
95073
73143
95097
95107
95109
95114
95133
9522
95155
35922
95190
95195
95214
95230
95240
95247
95249
42313
95282
95294
31199
95318
95326
95340
95348
95355
95357
95376
51352
95399
95414
95429
95448
95460
95476
95493
95498
95512
95513
95514
95534
95544
95564
44929
95585
95594
95614
70464
95624
26567
95636
95653
95671
92892
20855
95693
95704
95711
95713
95718
95722
101338
91815
95738
95755
95768
95783
95801
79337
95821
95825
95845
95854
95867
95880
95894
95906
95909
104237
95934
53108
95967
95983
95988
60125
38549
96032
96035
96045
105607
96056
8344
96066
96082
96095
96097
26114
96117
96134
96148
96164
96175
96190
96201
96215
96227
36772
96251
96269
96283
35144
96309
89974
5625
94934
96348
96366
75398
96394
96405
96420
96432
96433
46673
96464
43337
96483
55212
96514
45118
80770
96547
96561
96572
96591
52145
96609
96623
72144
49595
96659
96662
96672
81991
96696
96710
96713
96729
96731
96740
96758
96778
96796
96799
96806
96810
96814
90461
96825
96840
84183
96857
96863
96873
96881
96901
96902
83759
2840
96929
96938
96954
92427
96980
96992
97009
97020
97031
97046
97063
97074
48399
97099
97101
97111
97129
97142
97157
97173
97188
97198
97206
97215
97218
63078
97244
97262
97266
97277
97278
9334
97296
97302
97312
97322
97342
97360
97374
97380
97381
97401
97421
30506
62776
97442
63348
97461
97480
97489
46292
97501
97511
97512
97531
97541
47092
97570
97589
97593
97594
97608
10484
97626
97632
97645
3850
97670
59078
97703
97718
97726
33503
97750
97754
106132
97757
97776
55509
97803
97814
97826
97841
97861
97870
97878
97897
97915
97924
97925
97942
63610
97963
97983
97992
56617
98015
9571
98040
98042
98055
98064
98070
35305
98080
98088
98106
98119
98134
98143
98155
28897
98187
98206
98226
98227
69444
98246
98263
98271
98289
98297
98310
98321
60089
98346
98351
98367
98379
98383
98389
98406
98410
36820
98430
98448
98449
98464
74603
98492
98505
98521
98541
98559
98574
98586
44952
98602
98621
98635
98644
98656
98664
98668
98674
98678
98696
90490
98726
30052
98743
98750
98753
98771
98781
98793
98807
98819
98836
98850
98869
98872
98876
98885
4066
98911
98912
98919
98925
98936
98945
98959
98968
98981
98983
99002
102178
63495
24348
5667
99053
99062
99080
103790
99098
99118
99133
99145
99150
99160
2190
99191
99196
99200
99216
99219
99220
99236
99246
99254
99265
99275
99277
99285
16318
99304
99318
99319
99328
25147
99350
99359
99375
99392
99408
99413
8782
99429
99448
24583
42852
99497
99508
99517
99537
99544
99555
99563
99574
99593
99605
99611
99621
99624
99635
99654
23556
99666
99668
99673
99677
99680
99681
99691
99701
99711
99730
99744
2923
99766
82240
99786
99793
99809
99826
99846
99866
99868
99879
99886
99901
99902
99912
99932
32919
99955
99965
99984
99999
100002
100013
100030
58237
100035
100053
100055
100066
100071
100086
100093
100103
100110
100115
22803
100124
100135
1501
100163
100172
57880
81603
23084
100198
100200
100209
100227
100234
100242
100257
100270
100280
100291
100310
100328
100344
100351
100362
100368
100385
100393
100411
100431
100445
100459
100472
100475
100480
100493
100502
100504
100512
100527
100530
100550
100555
100560
100566
100581
100592
100597
100599
100602
100618
100636
100637
100655
100667
100687
100700
2381
84573
6694
100734
100748
100765
100775
100779
100782
100792
100798
100808
100826
35914
100846
13260
100850
100867
100885
100887
100897
71099
100917
33909
100943
100947
100957
35542
100977
100997
101011
101016
101030
101040
101044
101058
101076
101087
101106
101114
93830
101131
101138
101155
101165
101177
25810
85189
101207
49244
101231
101247
106013
101274
101292
101310
101315
101327
101335
95726
101347
101353
101359
101362
101368
53891
101391
101408
8769
101436
101438
51581
37205
101454
101474
101483
101495
101515
101533
101552
101565
101584
101599
101604
101615
42575
101640
101654
63543
101681
101690
101707
101722
101742
101754
101767
101774
101780
101796
101803
101815
101824
101828
101844
101848
72161
101869
101889
101906
101911
56844
6570
101938
101949
101968
101977
101994
101999
102017
102036
102040
102045
44711
102078
102084
68743
102116
102120
80127
102136
80445
102148
102155
102164
99021
102184
102195
10043
102212
83014
102220
102230
102243
102255
102266
102273
102289
102301
52541
102329
57704
102346
102351
102365
102380
102394
102407
102418
102432
91090
102444
102457
102472
102481
102501
102514
102518
102521
102528
102547
102563
27329
102575
102576
37305
102600
102614
102622
56486
102649
48310
102687
102707
66673
82733
102724
102731
102741
102752
102765
102770
58644
102788
102793
102809
102813
13820
102824
102841
102845
102854
102874
102875
102890
102903
102908
102924
102942
102945
16165
102971
102986
7966
102991
94807
103030
103048
103053
103062
103074
103092
103111
103115
103131
103148
103167
103179
103189
103204
103224
103238
103247
103253
103265
36466
103286
103305
88381
103345
103363
103374
103390
103397
103398
79597
103427
103445
103450
103469
53938
103494
103513
103523
91211
103549
82209
36371
103585
103594
103612
103623
103636
38941
103648
103668
103677
103685
103697
103704
103716
54613
103743
56732
103759
103769
103785
99093
103799
103815
103824
55786
103851
103853
103871
103875
50163
103899
12370
103924
103925
103929
1453
67487
103954
103971
41858
103977
103997
72122
38692
47933
104039
104051
104058
104074
104090
104093
104104
104106
104114
104128
104129
104146
104159
41420
104190
71437
104222
95919
104238
104254
104256
104267
104271
104277
104288
104306
104311
104321
104322
104331
85956
104348
86726
104359
104369
104377
104392
104406
104415
104426
104445
104454
104467
36391
104485
104501
104505
104522
29075
104542
104551
104559
104574
82605
104593
104613
104625
104633
104650
104655
104661
104667
104685
104689
104709
104726
104746
104754
104764
104776
36930
104806
43215
104823
42485
104845
104865
104884
104885
104898
73193
104925
48773
104950
104967
104981
105001
94999
105032
105052
23520
105066
105074
105083
28325
105095
6747
105126
105143
105144
105145
105158
105176
105179
41195
105202
105222
105226
105240
105251
105256
105257
105272
105277
105292
105306
105320
105333
105335
105338
105355
11999
105374
105387
105391
105397
105412
105417
105436
30402
105457
105458
105463
105470
105482
65153
105486
105488
36121
105517
105536
105548
105564
105577
105578
105582
105587
96048
105610
105614
105626
105644
105645
105665
35028
105694
105707
60371
23370
8298
105754
105755
105772
105787
105799
105801
105811
105822
105831
105837
105852
105868
105886
105896
105910
28160
105926
105938
105957
105959
104205
94070
105979
105996
106003
106004
78770
27312
106027
106033
106043
106051
106069
106075
106095
106101
106109
17388
97755
106149
69109
106180
65237
106200
106207
106223
106227
106240
106255
106256
106261
106272
106278
106284
106301
106452
106318
106324
81167
106359
106374
106394
106399
106401
106409
106424
106432
106309
106454
71811
106470
106490
106510
106530
106545
106558
94980
106579
106587
106590
106600
106615
106622
11287
106655
106667
106668
106684
106684