1000
1001
3603
1034
1044
11276
1073
1074
5070
1084
1100
8181
1125
1143
1158
1161
1179
1188
1203
1206
1209
1215
11522
1237
9909
9777
1260
1274
1287
1300
10556
1328
1336
1352
5685
1382
1387
1406
1412
1428
1431
1449
1455
1465
1471
1486
1494
1501
1505
1522
1533
1539
10441
1556
1558
1566
1569
7554
1605
1608
1620
1624
1635
1649
1667
1682
1106
1698
1704
6112
1722
1736
1741
5035
1772
1777
1788
1803
1804
1813
1832
1850
1866
1873
9502
1904
5472
1913
7527
1924
1942
1947
1953
1955
6102
1981
2000
2011
2015
2025
2027
2037
2039
9232
2050
2054
2063
2083
2091
8671
4873
2112
2128
8834
2154
2157
2175
2176
2194
2207
2216
2229
2239
2256
2257
2263
2276
2280
2294
2303
2310
3534
2329
2349
2353
2354
2355
2369
2384
3222
2400
2410
2428
2441
2461
2477
2486
4336
10147
2513
2528
2537
2545
2550
2569
2588
2602
2609
2625
2641
2646
2659
2676
2684
2690
2703
2718
2738
2740
2759
2770
2778
2796
2805
2806
2808
2814
2832
2847
5031
2875
2885
8748
2917
2922
8030
3488
2948
11532
2972
2978
2979
5784
2993
3001
3006
3014
3022
3029
3036
3037
3055
3062
3081
3091
3099
3102
3113
3116
3131
8105
7789
2992
5119
4001
3189
3193
3206
3215
10751
8157
3253
3263
10371
3296
3300
3310
3325
11243
3349
3358
3367
4886
3397
5731
3427
3440
3458
3468
3481
2938
3498
3515
2318
3541
3560
3576
3582
3594
9698
3614
3631
3649
3669
3688
3701
3712
3720
3726
3737
3755
3771
7957
3785
3799
3811
3824
3836
3850
3854
10553
3878
3882
3890
5996
3908
3912
3924
3931
3938
3941
3951
3968
3976
3992
8211
3997
4000
3180
4014
4015
4028
4035
4052
4058
4060
4061
4081
4101
4103
4123
4135
4153
4170
4184
6437
4206
4225
4383
4259
4275
4292
4301
4307
4311
4320
5156
2492
4345
4346
4362
4375
4240
10446
4399
4403
4417
4429
4435
4447
4448
4466
4473
4481
4500
4516
4521
4527
4534
4547
4567
4581
8536
4619
4637
8791
10597
4675
4677
4685
4689
4695
4712
4726
4743
4760
4779
4785
4804
4805
4810
10825
5043
6628
4844
4847
4858
4868
2109
3383
4887
4893
4895
4900
7787
4905
4912
4920
4937
4939
10160
4961
4969
9782
4990
4998
5009
5026
2863
1758
4833
7364
5062
1078
6744
5082
5086
5104
3170
5120
5128
5146
5147
4333
5162
5180
5195
5205
5211
5231
7937
5249
5259
5261
5280
5287
8889
9486
5315
5330
5348
5349
5354
5369
11099
5402
5414
5427
5446
5454
1910
5489
5503
5516
5519
5532
5543
5559
5574
5594
5606
5626
5633
5636
5648
5658
5662
5670
5679
1363
5705
8555
5717
3409
5737
5751
5753
5758
5759
5776
10265
5790
5799
5804
5818
5829
5830
5848
5856
5869
5877
5883
5896
5911
5923
5939
5950
5964
5983
3896
6005
6021
6028
6034
6051
6061
6068
6082
11347
6093
1972
1721
6131
6139
6145
6151
6170
6181
6197
6215
6230
6242
6252
6259
6264
6266
6273
6280
10220
6303
6304
6320
9749
6347
6355
6371
6372
6384
11598
6402
6420
4199
6457
6476
6492
6498
6499
6507
6517
6530
6542
6553
6561
6576
6589
6606
6618
6622
4842
6644
6664
6679
6689
1000
6714
6730
5079
6747
6761
6762
6778
6796
6812
6823
6824
6836
6847
8796
6871
6709
6887
6898
6918
6930
6942
6954
6958
11116
6978
6996
7014
7034
7053
7066
7082
7085
7102
7114
7124
7312
7141
7153
7157
10050
7178
7192
7210
7212
7221
7224
7228
7247
7255
7267
7282
10337
7302
7129
7315
7332
7348
5050
7366
7370
9142
7392
7407
7426
7442
7458
7477
7497
7513
7522
7523
1684
7531
7550
1585
7564
7584
7599
7615
7632
7642
10877
10991
7681
7684
7695
7710
7728
7737
7754
7757
7768
7775
7778
4904
3149
7807
11172
7843
7862
7866
7882
7902
7907
7915
7934
5232
7952
7954
3776
7968
7982
7997
8012
8016
2932
8047
8054
8074
8086
3136
8119
8127
8130
8146
8152
3240
8166
1917
8190
8203
3995
8226
8238
8246
8254
8260
8279
8282
8292
8293
8311
9760
8339
8349
8354
9064
8364
8378
8397
8407
8425
8428
8448
8459
8460
8926
8471
8475
8483
8492
8512
8517
9349
5709
8571
8585
8590
8592
8604
8617
8628
8631
8643
8648
8652
8654
2092
8682
8689
8698
8699
8714
5307
8731
8733
2901
8762
8774
9013
6865
8798
8818
2148
11034
8849
8869
5305
8906
8466
8941
8954
8957
8971
8980
8996
4649
9032
9037
9048
9049
9050
8358
9082
9101
9106
9120
9124
9126
10119
7381
9161
9180
9190
9208
9227
2040
9236
9238
9240
9247
9262
9276
9277
9283
9292
9301
9307
9327
9332
9348
1234
9366
9385
9394
9402
9413
9432
9438
9451
9457
9473
9484
8723
9500
1887
9514
11193
9534
9547
9549
9560
9572
9581
9589
9605
9607
9617
9626
9636
9652
9659
9679
1019
9706
9718
9733
6329
8322
1259
9778
4972
9785
9792
9803
9823
9843
9858
9868
9873
9892
1247
9928
9934
7656
9962
9967
9970
9975
10424
10008
10016
10035
7169
10069
10086
10094
10110
9131
10135
2506
4947
10162
10167
10184
10190
10200
6290
10229
10243
10256
10257
10264
3160
10281
10291
10295
10845
10320
7290
10355
10360
3277
10390
10406
9990
10430
1547
4396
10453
10459
10478
10487
10497
10512
10519
10531
10537
3863
1314
10575
10591
10595
4657
10611
10615
10623
10628
10633
10641
10657
10673
10674
10693
10706
10719
10735
10739
2386
10770
10782
10784
10791
10804
10805
10816
10819
4822
10309
10862
9951
10895
10907
10924
10936
10948
10962
10973
10980
7675
11006
11014
8848
11054
11058
11060
11064
11074
11084
5387
11113
6965
11120
11133
11144
11163
7824
11183
11191
9525
11209
11213
11220
11230
11241
3329
11495
11260
1060
11291
11305
11310
11316
11324
11343
6085
11350
11359
11371
11377
11383
11391
11400
11407
11411
11413
11428
11441
11447
11455
11465
11476
11480
11244
4601
11509
11518
11498
2965
11541
11559
11578
6389
11617
11626
11642
11642