10000
8183
6085
5762
1731
10028
2209
10259
10096
7076
1826
9887
1493
2364
3907
6941
7629
4234
1171
3239
4497
4685
5389
4986
8023
9020
10930
10261
3426
4743
8053
4515
8368
1284
10208
8627
6694
10400
5043
6543
6198
2522
2783
4915
9979
5218
10401
9372
10713
6965
2199
3284
6520
6089
8998
10475
9189
1719
9215
7737
3270
8034
2957
3168
9260
7808
4680
1729
5262
2842
1668
6156
2447
8806
5990
9096
4132
5199
1903
3290
7563
3424
2930
6428
3515
1051
7235
9070
7119
6564
3511
5567
5712
9336
8804
4000
9821
6383
6827
6647
4391
6548
1322
5564
10708
2432
6018
6244
9952
5732
8437
8759
9506
10775
2503
6318
3615
4863
1958
2417
5430
5799
5372
1222
4800
10836
4337
4769
3563
6601
9250
9521
2857
3786
4601
7408
2553
8432
5048
1602
9458
10509
3866
8445
1366
9344
4220
5905
4239
3059
9131
8720
5700
5946
2744
2501
3189
3140
10602
6590
6682
4406
6850
10687
1746
6555
5336
1581
5336
7884
10792
8150
7417
10640
3288
8097
10717
4979
7492
6917
10055
10082
5504
10785
1407
6340
9484
7547
6235
2213
9274
3808
3705
10846
2972
7800
5156
5472
7138
9836
2756
7085
1436
3181
8316
7692
7885
3483
7427
10828
9625
7984
6079
4681
9024
10755
2351
4664
7428
5603
2281
1557
4556
8248
10096
9680
1442
10880
5940
5759
7910
8815
3651
1570
7095
2749
10478
8356
5624
6686
4314
7265
5613
1429
7965
9245
9025
3251
4246
9490
6702
5153
10864
10578
3346
10238
7112
9750
8268
8987
6312
10255
9168
2625
7204
1309
5044
4953
4371
1850
7699
10476
9402
9378
8440
5534
1432
10030
7759
10693
1333
9707
1066
2582
8835
2615
7588
10069
7220
2442
2442
7657
5003
10302
1483
1616
1606
9129
6965
3712
3966
10554
7615
8627
4520
8099
4636
4816
1104
5992
8695
5893
5567
1649
10344
9738
4941
5834
5657
3782
9135
7213
2483
3680
10037
6890
5626
3413
10219
8607
9538
9135
10318
9205
9823
3499
8691
7392
6001
9697
8949
6506
1093
2981
3395
9974
8763
9954
9405
8787
4509
2380
6439
7911
3690
3536
1301
10076
2314
4751
10638
9416
6595
2496
7726
5264
4198
8320
7993
4957
1622
6260
10495
4595
7527
1168
6961
5236
5645
6196
5317
7701
1503
3599
5536
4878
8511
7536
7059
8032
8761
2132
10331
4891
5119
4002
2935
7627
2824
7744
9382
9770
6801
6891
9210
9715
9516
6616
4234
4710
3080
9872
3432
10396
8463
4598
9611
1288
9834
10966
6911
5483
6916
4158
10643
10086
8124
3506
1367
5754
3293
2665
1709
2952
8646
5254
8602
9342
3685
2036
6040
7483
1859
2403
6572
2021
1120
6376
9927
3557
6394
1817
3103
4366
8335
8993
10041
2653
10509
1465
4374
9746
6084
3195
3805
1251
6343
1721
10391
4906
1368
9890
2510
3054
2128
2144
4565
7992
6448
7452
2408
7959
7990
3615
1399
8521
6800
2600
1012
1977
5041
4811
5423
10664
1772
8543
10115
1229
6315
1335
10050
4513
7405
10072
5810
10412
4915
9283
8370
4478
8509
2545
8549
5593
7531
4802
10453
9330
7177
7320
3080
5811
1359
6610
1233
4016
8279
1969
8290
8414
10810
6550
8738
9274
9885
8539
10732
9292
4332
1159
6468
8101
5075
8620
1177
6814
7193
5769
7100
3183
6194
3292
1777
2555
3085
7702
9152
9815
2178
3575
3270
3691
1529
10353
5762
4128
9269
2544
7455
5173
4871
1292
4001
1210
5291
1812
5388
10875
1312
6031
8209
7790
3028
7771
10075
2595
5046
5477
7868
9450
5454
6466
4057
7130
9822
5692
3427
9001
8829
7112
2648
5973
7722
6177
7874
6306
2503
4598
4325
8378
9152
1661
3461
4860
3542
4620
3830
5039
8792
7768
3424
10011
9108
1676
8053
3973
9340
5209
8153
1599
1047
10846
5665
5140
4644
3608
1633
10105
6325
9234
3972
3140
10953
8259
6827
1979
6641
4730
5105
1985
5828
5144
3071
9475
9808
10493
10480
2935
5407
1348
3070
5711
1613
10822
2146
3610
9356
10837
3765
2245
4424
1823
4794
6886
4362
8215
7199
7249
4149
10076
2621
2075
2485
7749
1809
9552
8073
10233
2038
7260
10211
4140
4648
1344
2448
5134
5173
7851
5972
4986
8666
1334
4320
2630
10008
5331
3266
5812
10115
1975
1601
9985
10942
4065
7392
4178
9433
4134
6698
7658
4698
2760
1735
10134
8400
9959
6055
3992
6856
1876
10876
4758
4236
4173
5577
9080
8090
3349
6625
7906
9809
1531
5191
4140
8070
1563
2887
3912
2025
7093
6003
2891
2696
8213
3921
5815
8010
3064
9741
2387
5107
6904
5290
6292
8883
6355
10927
9965
1365
8433
4052
4217
6572
2854
6890
8729
8010
6437
10679
10776
7042
3402
6504
2229
8266
9065
4107
4602
7788
2388
2954
2468
4215
6144
8643
5418
6029
5374
2288
7463
5103
5029
2077
5053
3961
5098
1329
4881
4733
9600
1669
7039
1688
6177
6796
8903
7542
8437
4555
10232
9995
1708
7848
1251
5604
9928
8625
8712
2432
10151
2452
2300
6073
3821
5256
8613
8268
1731
4895
4519
6610
9802
6881
6472
9157
10118
7047
1280
4299
10696
2532
4693
5191
6202
3602
3773
10241
2013
8905
4555
2533
8295
1073
6860
5185
7804
5306
10987
7088
1954
5207
3092
8247
1794
10464
10365
1441
3415
2178
10754
2370
9925
1592
5775
5344
10770
6484
5058
2980
9798
1189
6693
8783
4496
3458
3415
5999
7390
6735
8886
10290
7656
8703
8927
3481
2770
4306
10868
3324
3144
1673
6312
6681
8539
8852
2062
4811
3206
4778
10451
9298
3542
4130
2239
2040
4277
10693
1676
4832
4166
4639
4520
4361
7038
3960
6493
3490
1076
7455
9573
2612
3767
5479
5643
9738
2369
1068
6378
4731
7574
7104
6799
10583
8121
5835
6042
4527
3077
5051
1639
6520
10848
10678
10368
1073
6900
6460
9610
7406
8957
10728
7866
4210
6107
10939
6957
2383
5210
10326
1486
8348
5671
2946
4049
4105
8734
8782
6430
6263
8486
1348
4187
9520
7502
1004
6359
6610
7501
7503
2258
4606
5355
4671
6761
4284
5744
3571
9380
8634
6547
5738
7611
1996
5769
3790
8382
3054
3708
2540
8677
10897
3530
4538
7583
1581
2102
1994
2642
2064
9550
9504
9545
6392
10103
2216
4288
5815
9307
1171
4019
4401
3707
3221
7068
4986
7608
8270
9336
1477
2827
2362
9646
2777
9195
5091
8662
10745
8455
7377
9398
1621
7954
8757
9469
10083
2867
4605
5351
5581
3105
6374
7761
7633
6117
2013
8648
4073
4202
6563
2699
2220
4661
7031
9795
7225
6834
6538
4455
5208
1858
1453
9436
9950
1299
6671
4976
1813
3219
10912
8858
9746
7371
9102
8726
8083
3364
3422
5047
6172
8075
4786
10421
7413
4918
2414
7373
3758
3742
5902
2287
10600
9255
9929
3927
1497
8776
2093
9918
10096
5450
6587
6518
8686
4706
10863
3460
8283
3852
10061
3462
8537
6861
4824
1151
4284
10101
1799
1022
1293
5614
10215
10677
1962
3069
4799
3365
4084
1725
3887
7631
1720
4288
4359
7538
3711
8415
2820
6726
8549
5956
4011
6271
6151
9910
5646
4986
7078
4773
10807
2569
7558
3664
9569
8216
6616
8426
5881
4556
6764
10931
6346
8996
8387
1125
2765
9125
8844
4044
6980
7461
1312
9500
8669
1128
1547
4240
9263
2719
3465
2387
1820
7908
6790
9699
5685
6710
7517
7514
3104
2947
2708
10406
4306
4699
7828
9303
8841
2492
6175
9611
4601
5968
9603
3744
9118
3996
2060
7596
8657
6793
3739
5937
5348
9376
7649
10281
2945
7850
9743
3165
1277
1834
5685
8373
1221
10090
10241
10495
4940
8566
2489
3253
6670
4572
6336
7711
3044
2639
2562
3864
3127
4275
10054
1443
9059
6374
3936
7254
3685
7154
7109
1160
8123
9025
9152
7785
10514
7908
7731
10322
6038
1715
2739
9045
10888
10682
7693
1922
10249
3913
5718
7705
6805
9408
9073
2967
2731
3974
9848
8073
7834
8849
10464
9196
8494
3961
4865
7435
8180
2972
6472
1028
1658
6241
9592
9779
7947
8557
2781
4686
9475
2676
6709
6016
9990
6559
3300
4583
5075
4960
9479
2517
7604
9501
3661
8983
5111
6923
10078
9803
4950
9878
7337
1355
10990
6772
1000
1685
7456
1173
3738
6545
3129
7978
9925
10115
7907
8580
6923
2444
3002
4324
7554
8122
6050
9884
8869
7961
5558
7057
3844
7951
5175
7882
3750
10455
7439
6890
2702
9444
1793
4311
3112
8331
9917
1970
3074
5460
8227
9306
2862
3921
8129
1306
10119
5050
6089
1745
3477
6246
4787
1135
6379
3931
8958
6392
2069
6279
3283
2547
3683
3102
5823
10842
1412
3896
3208
5080
10444
7501
1600
3371
10204
10599
5623
6536
2566
7686
9927
5684
4651
8856
1925
2898
7994
5111
4567
2355
6321
9424
6417
9254
3825
8231
6766
9765
6068
10586
6008
3450
2832
6121
7254
6151
2192
10672
1646
4375
10883
7385
1898
7680
4021
2374
9095
6997
10494
8856
9336
1714
2360
8616
6275
10407
5106
1623
3834
3415
10232
5051
3072
7209
7516
6273
9987
7055
6067
7951
4029
3659
10902
8478
10258
6582
8293
8115
3211
7906
8302
2373
10490
7225
2668
7064
3687
6523
1578
9789
5257
10366
8223
7568
8114
3836
10945
3419
5018
3776
10645
8575
9881
9190
3611
4283
2529
2554
4434
1519
3994
2984
4236
4212
6274
3058
2712
1689
6617
4925
2208
7850
10195
1784
4599
5830
7742
8992
4286
5554
8443
9919
2643
6806
4640
5176
3687
8571
6181
5166
7436
3392
3164
6472
10928
6432
7554
4404
2919
8024
2096
4259
1462
4937
10560
1319
3793
5632
9771
2625
5344
7194
6136
8857
10629
5782
1417
10508
5605
3048
8156
8708
1959
7965
9560
4612
6226
6970
4065
6317
5112
3243
5020
6567
5462
2609
9135
8397
2279
6277
1425
8214
6996
9900
6389
9072
9826
6769
1049
8517
4389
5410
2596
1511
4248
7870
2111
4694
2393
9638
1720
10476
3511
4492
3010
6155
5936
7373
4588
6811
8907
9496
5107
7334
9197
4346
6306
4310
5808
5313
6469
8735
6604
7322
3213
10977
7111
8217
8016
8333
3308
8565
6918
5938
4497
8838
10648
7465
9291
4830
10387
9018
10932
4367
5503
9527
8006
2184
9261
3688
4437
7073
1438
8268
5077
3509
9653
8011
6058
8520
6923
10918
3082
9768
5702
2083
3045
3128
7541
10614
8569
5782
9138
2232
6200
9551
10958
10857
3478
8361
10275
4660
10380
2582
1693
8885
1585
6826
2724
3674
6015
8337
1473
6613
10637
2668
7801
9670
2008
3694
3196
1168
3112
7447
5198
1842
6144
10142
5229
4041
8053
3809
2972
1629
9510
9608
10123
3146
3518
4015
10820
5795
2652
6737
6047
3646
1951
1271
8778
5434
7242
10181
4686
9782
8471
5435
10186
10404
6995
3114
6932
9500
6481
5819
10382
10237
3067
5375
1972
8726
10369
7293
7651
10249
7951
6503
5915
9827
1243
1164
5091
4166
1812
9620
7147
7048
10047
4143
3654
1085
5465
1753
3322
6817
7273
10901
7747
6546
10966
6531
8817
1846
6877
10487
4362
9690
1025
9373
1171
8144
5537
9925
9491
9206
9398
2255
1968
8536
2189
8191
6731
10895
5126
3410
5545
9455
2266
7606
10432
7096
2138
1551
7274
5356
2291
8163
4223
5031
4551
8139
1542
2070
6158
9453
7143
9034
10661
3193
7471
7078
2673
2581
9280
2761
1156
4862
2360
3916
6231
8826
4092
3862
9120
7511
3507
9720
9815
1648
5922
1229
4914
3296
6948
8904
9837
7664
1745
9825
7826
3207
4796
4872
10441
4776
6120
4230
10188
1127
1477
9065
6754
8715
1230
3895
2126
7543
7910
8112
3629
3955
10731
9220
2855
4785
6504
10417
4041
10512
2793
6768
8945
5777
8892
10216
10595
8711
2300
1249
1873
7090
2019
2051
3295
2970
10723
8773
8751
5673
10209
5130
4416
10692
8862
4993
9818
8034
7706
9926
6102
8841
5016
4562
7169
2770
1915
8906
2107
1087
9977
7193
8500
1510
1347
6656
5196
4989
8606
9579
5381
10550
1711
9953
1107
10321
4115
7852
2446
8551
5905
5412
6639
8618
4433
2022
1604
8025
3318
10727
10442
9291
1985
7585
9182
7301
3277
6458
6595
1232
9908
7175
5755
6233
10404
5601
10015
1873
2576
2654
6779
2374
8366
4373
4549
2648
8429
7278
2131
9536
10491
9398
1705
7388
10483
1410
10490
8570
1043
10935
4440
9183
9953
2379
5141
4264
8952
6525
1635
3868
3834
7890
6720
6355
10986
5816
4004
7186
3366
7361
3825
10209
9274
7574
7766
3467
3564
5348
5406
1311
3239
4877
5043
8339
8510
3919
1202
10510
9963
5371
1175
9386
1426
7490
1660
8620
1515
7825
4067
5266
4066
6195
8267
8118
1596
4770
6090
3235
3374
2901
3904
9876
9430
1960
3676
4766
10314
4483
9736
7431
6371
9157
4249
9674
6146
9904
9995
1872
7551
8973
8804
9319
9526
1689
3471
8105
10456
9832
6042
7549
2491
4573
1998
6273
10938
1920
4417
9429
7200
6324
7328
1171
1408
1401
7330
1313
7514
7217
5232
2364
7376
5860
3586
2769
6188
8733
4195
9927
7213
9133
2397
5618
9741
5541
1347
4667
3362
2099
7278
7748
9783
4240
1753
2188
4160
10321
8112
10727
6313
4332
2780
2956
1147
3406
9318
1605
7608
4941
1469
2536
10079
2149
6342
6056
8629
4032
8016
9630
9373
2163
5925
4450
1827
5526
6121
3682
8193
8999
9240
6107
4373
9337
10573
8944
7461
8967
2455
3420
2009
6637
6287
10398
9649
3681
6842
3418
1608
9741
9070
7749
9788
4117
1399
2683
9707
6935
9402
1831
2995
1039
3197
1459
8208
7634
3529
10633
4284
10039
8415
8210
6750
2941
9189
6073
6565
9394
4115
2241
5922
3762
1236
9683
1685
9041
6848
10283
9029
5709
9088
2584
5398
7427
6801
1197
2295
7850
3014
10046
4376
8497
3553
3326
5928
1262
4807
7959
1830
10875
1342
7440
7660
4716
6985
6564
7096
6651
10662
10845
4754
2036
2453
6942
1939
4152
7368
1501
4357
1426
1015
1920
5163
8914
1561
2576
10020
8437
5678
2278
2738
5773
3202
8397
10578
3653
6244
2203
7968
4187
9286
2918
10035
4391
9973
2660
6712
10695
1736
7820
3385
5776
2016
7632
9072
7953
8016
1110
5497
4178
8862
9281
1147
5970
10949
6147
9351
6264
9429
7741
5743
8708
7117
6953
8958
5557
3024
6791
3717
4079
8196
4359
8908
2022
5297
8371
9441
5053
9971
3255
7244
5164
8097
8082
5356
8831
7274
3394
2052
3672
4135
5595
5783
8911
7825
9338
8650
10111
10558
3480
8082
1316
8605
5909
6848
9704
1054
6035
6626
7235
8766
8428
1008
6181
5162
6654
10923
5004
7452
6789
4205
3796
5594
2289
10835
8691
10589
4422
4437
8477
5655
4549
6300
8057
1032
5926
6495
9282
3973
7480
6564
10919
2824
1287
10953
5184
8790
8980
9301
1630
6649
6635
8447
3586
6020
6962
10851
6486
1478
1533
2208
3285
1287
6431
8979
6426
6498
10045
9184
2937
10272
2604
3371
10998
3241
6395
5361
4340
5401
5495
4415
10531
4309
10154
4181
5359
4084
1564
5691
9265
7839
9470
2360
5250
8252
1903
8220
1666
5558
10205
10343
4513
4529
6023
7919
4493
2358
1694
3005
5806
3226
10749
8867
10947
3250
7736
4932
6174
3732
2615
6170
7948
4629
1547
9775
8521
9239
7628
2557
5512
2903
8254
9018
5345
3172
8236
7513
10886
2043
1337
9605
1499
5486
5443
4639
8556
6677
5697
8691
4946
2039
4837
4448
10414
1521
7023
5421
7218
1350
10563
9770
1180
10537
5009
6512
2958
1068
9011
1704
9735
1105
6981
9797
9976
10659
7073
7105
8007
4926
6344
7632
2050
7983
4786
4793
7016
1876
1731
8460
2967
6483
10373
3994
5416
6987
9197
7484
4104
7034
3338
6786
7736
6540
10947
6557
9034
10823
4354
2234
5536
9075
3264
6839
2257
6196
3124
9321
1250
8929
6188
10958
2168
2387
1762
2566
7862
10727
1432
9530
6190
1607
10475
10453
3677
8589
1918
8339
5552
10363
8204
10240
5914
6522
5445
6373
8609
4524
3855
4116
3796
8968
2153
10255
5006
5165
6531
1102
2396
4587
5113
4389
8194
7011
8092
4430
10832
1698
5875
3346
7221
5240
4982
9990
9360
7048
4679
3179
4803
6372
5364
8807
2514
7517
6801
7640
2116
4162
2214
9460
3106
6773
4594
9070
5456
8443
4763
4780
8029
6599
4750
6027
9088
2563
7491
2038
9724
8902
9318
2349
10053
9273
9631
8477
6010
1194
2556
8544
1000
10347
5662
1334
10855
5613
5637
1337
10701
5716
5904
5586
5367
7748
6226
6548
6685
3724
4081
9507
7632
6486
9514
2648
3745
7327
9331
9982
4145
6218
8553
2038
8993
2367
5916
8429
2387
5938
9394
3785
6152
10223
6269
8226
2084
8756
8798
10762
7419
3043
3472
5819
2525
8151
9850
10072
6011
6748
2852
1836
1002
9996
9398
5626
3035
10730
4369
6727
2283
10925
9751
4717
6411
8941
7400
1011
4117
4169
9717
1791
2351
3302
9232
7811
8106
8887
5271
9625
3873
2333
1591
9346
1300
1945
8123
9041
3501
6752
7655
10373
4869
7819
2258
4908
9476
4855
4071
8908
1481
8545
10365
4578
6230
1250
5112
1891
5645
2605
8944
3677
1812
7776
2489
4728
3096
6778
2655
9243
6661
8232
8774
9914
7076
1375
3029
3263
1427
10544
2921
9281
1695
10261
9150
8960
9279
3924
4039
2469
3876
6809
10894
7357
2500
8035
1248
7330
4406
7101
3956
3445
10759
2301
6634
7143
3431
6766
4746
9508
6988
6619
5771
6916
1477
5983
9073
5952
9203
2410
5198
9244
1137
9936
8715
8764
5636
5149
6517
5341
8550
3346
5978
8724
7317
2023
5566
5503
4858
2695
4776
10512
8070
4100
2887
10419
2896
8332
8133
1917
7950
3874
10787
2955
3704
5687
4038
6385
2122
10345
5041
2705
2530
8771
3247
10192
4596
9500
3041
9901
10876
10375
2252
2545
7591
7844
6382
8404
8528
3270
6810
8821
4195
5022
8182
1037
9250
4837
8044
8491
4555
3006
9194
6538
3811
1297
5335
8490
4507
10757
6123
3875
10353
6160
8886
7740
4500
5065
1586
4515
3764
7853
6168
7600
1766
10579
8214
5837
9397
1108
1975
2262
5366
1153
6617
4797
5390
1142
2052
3733
6706
3233
9858
9565
9389
4088
5672
6257
8310
7255
2905
8446
1613
6057
2296
3266
9920
8277
6047
10401
9200
5608
3749
7271
9443
1702
7939
4597
6351
1985
6191
9007
2191
5239
4458
7090
1617
3574
8230
10203
2287
1085
2260
10943
8205
4744
5422
4880
4095
5750
5072
5031
7388
6784
6228
10724
9242
6703
8906
10357
3329
9235
7439
9003
8818
10608
6218
10785
8512
10435
10673
7145
2971
4375
6156
5537
8464
3952
8278
1990
4737
9403
1938
4101
6667
1048
6735
10105
2199
9030
10082
3752
9166
3837
7297
9080
9010
2898
1017
9705
7722
6631
5453
5149
1226
8099
10577
7433
10591
7157
5517
8773
2328
8796
2447
5900
10480
3146
3181
4242
8926
7173
4173
6201
1139
10756
11000
9692
8661
6269
9097
9346
6906
2082
9542
10467
8117
6079
10750
2758
1428
4829
2017
8601
7452
3860
4319
2933
2564
6420
1124
8360
6908
3845
4104
8043
8785
6362
8284
3350
8852
8560
5968
8813
4180
1725
4461
4801
5347
6892
9772
7608
4796
4085
6856
5012
9958
2885
4642
1657
10686
8082
10039
5388
8372
4472
1351
8681
8794
9851
6765
6841
6063
4499
3971
3571
10630
6530
10166
10594
1646
9855
2896
4779
9065
5253
8328
2424
2955
1193
5500
4044
1588
8031
1515
6281
3965
9058
4594
5391
2430
2691
4027
2692
6402
3539
9034
7327
3189
4143
6328
10230
2231
8946
2509
7372
6898
5398
1740
4067
2721
6638
1502
9054
5805
7693
9461
10981
2565
8539
5156
1773
2282
5712
1913
3567
1235
7756
5731
10921
6675
9325
2614
6355
10681
8524
5824
5930
9722
5950
7895
2714
6774
4480
1912
10418
10497
1006
3631
3548
7502
9694
4024
5469
10510
10596
10959
9586
2948
5560
1926
8844
9926
8098
7667
4999
9365
5554
4538
3382
8801
8139
8242
1700
10625
10495
6879
6875
6351
5687
4702
6340
8342
2086
1289
2991
3115
2980
9966
10327
7372
1207
6463
5566
2404
8390
3922
9342
6280
5050
9310
5572
5338
9599
4579
8601
9638
7123
3667
6813
10936
1471
6618
2894
1563
1131
9238
2714
2740
4555
3137
9517
2187
8379
2413
10978
10108
5193
4526
7444
7815
4906
4085
1254
9854
7513
5598
3885
7574
6451
7477
8041
4028
3678
3353
2349
9243
6829
5365
9589
6592
4905
3203
2304
3958
9828
10469
6440
3439
2900
6841
6636
1791
1193
6738
8768
7134
3629
8924
10382
7079
8954
6503
9011
7536
10951
7210
3747
10899
3039
5646
1550
9533
7550
2628
8774
8253
10073
6148
5139
9008
4785
9122
1370
2722
7682
7305
2099
2137
6836
2901
8280
5617
4166
3489
5103
8306
4568
4391
10976
9817
1037
6233
6663
5753
4689
6751
3911
9992
7946
1220
1752
6025
3429
2540
3531
6693
5179
2468
4143
3808
3984
2078
8556
9677
4159
5361
2219
9184
2892
1726
5422
5314
5876
1107
6573
1370
2475
1900
7538
7211
1831
8404
9879
8169
10017
8120
4548
10479
8535
7466
5586
10659
10261
5223
7217
1799
3826
10205
7829
3201
9134
3450
9139
2931
3806
9873
10185
8417
6295
10314
9200
7793
2587
6600
5415
7007
1485
9589
6054
4537
7483
2170
4065
10693
4563
6109
6984
1461
3262
1140
2530
4418
2834
2268
5081
2867
4553
8543
7000
3911
1099
9677
7663
9172
4272
9111
6487
4092
2824
7461
2735
3809
4477
9910
3972
1554
6835
5194
4488
1167
6407
7747
7664
8751
4647
3099
10834
5714
7414
6324
1573
6566
1977
1801
8158
1115
1531
9913
2640
9861
1704
8053
10124
9296
2856
4279
7021
5038
10823
2293
9485
3362
3695
2130
8578
2083
6942
10634
9082
6871
10608
2798
2125
8868
10258
9609
10563
7182
10307
1739
8202
8610
8611
2812
8580
9820
1150
2247
9491
9566
9531
1125
5778
6024
5950
7154
5188
2736
1151
4769
7108
5152
5212
5120
2688
3603
7709
2177
10822
4342
2228
2274
10230
5698
10653
3406
6939
9077
7907
7027
3761
10981
8317
10384
8661
4399
1740
3279
4811
6117
8119
9598
2962
3846
10799
7654
2229
8019
1880
5445
7061
5422
10644
1437
3194
7877
6607
10774
3081
3011
2800
8321
8567
7026
4283
4069
9282
2905
5155
9705
6051
6229
4112
4079
4768
2936
3638
2513
7789
1535
4499
4136
10026
6983
9003
5389
10074
2330
9834
1665
8494
3360
6495
5289
7541
4346
1615
9017
7085
9555
6238
9426
2637
7294
10259
10211
6404
2266
8486
5496
7234
4104
7827
8163
7193
3307
6623
7331
5709
3434
5181
2304
7363
9385
8204
8097
8390
9671
2447
3124
8208
9878
7648
5712
4232
2366
10437
3479
9820
6870
7973
1450
9714
5127
1950
10429
7295
6855
7789
10593
4285
9600
7157
10211
7471
7333
2615
4723
3490
9611
8717
1604
2709
7031
4012
3733
8426
8871
5322
7824
9021
1143
8062
7450
4681
6651
1301
10493
4588
7522
8500
7473
1380
6318
4527
1749
1470
1002
4687
7370
7322
6115
2384
1278
2439
4741
6289
5355
10386
6569
6630
5494
3671
7818
6144
10861
2244
10532
3349
3448
2518
7943
3673
6610
5838
6932
3077
10331
4437
8990
9771
2752
3449
9746
7645
4276
10515
1846
9243
9919
6460
6537
10604
7291
10613
5487
4865
4994
5542
8967
2228
4038
5907
5044
2165
7850
8516
1219
9319
9662
4438
8968
8051
5485
5745
3786
6921
3011
8712
10901
1519
4583
5413
1457
7458
10825
3738
1950
4966
8795
6808
1250
5059
4474
10111
6534
2618
5719
8011
4862
2761
6615
9210
3145
3952
2063
4994
1131
7130
4146
4240
7183
6176
6538
7611
3528
6069
8718
1636
10604
9466
9508
5517
4195
6110
3802
1508
8834
9506
6842
4601
1942
4824
3954
4309
2832
3438
9192
3158
7188
9053
5049
5029
1795
7044
2878
7669
10293
7191
3957
7145
7536
8970
4029
7537
9600
3357
9295
1687
3373
7952
6406
3611
4285
10648
6090
8305
3409
9098
7291
10189
8986
3080
6684
7572
7601
10124
5877
3490
1945
10914
6259
5133
4536
7103
6698
8748
1887
6679
2588
2872
4137
7083
10403
5761
5830
2398
3734
10743
1584
1030
9169
7197
4641
7476
2745
9129
7958
8291
3990
6567
5118
1782
2987
8432
8638
7122
9300
2396
1299
9232
8934
6366
7331
2642
6342
6038
2397
6797
2359
1457
5447
3466
7498
8648
9917
1537
5598
9396
10238
3941
7664
3034
10683
7246
9774
2672
6464
4993
8123
7428
8437
1550
10376
4727
9651
7569
5502
8242
6331
6270
10352
6941
1042
4936
5037
4062
6084
1178
7837
2830
9015
4550
4778
2136
9528
5108
4013
9300
7085
8046
1670
9189
1276
5004
1836
3035
7165
5999
1887
8465
8587
2078
4045
1254
3951
10793
5491
10684
1299
1849
8674
10408
3618
2848
5473
6098
2036
10952
1268
9789
7187
9063
6782
3001
3593
9329
8381
2669
2293
10815
1641
1266
8664
8913
9129
6383
4431
10944
3427
7095
5623
8799
3584
9337
2651
7189
10529
10584
10620
8688
1726
8662
6972
3538
7629
10580
4618
3942
4687
5503
6050
5349
2479
4861
10929
4455
5564
1348
3380
4754
7040
9354
6372
6027
4178
4813
4388
10116
8526
8129
3860
9490
9503
7894
1075
9747
8293
1241
5272
6682
7279
8158
9546
8835
9899
4101
9825
6733
4471
4570
4349
10632
1939
2322
5021
7272
8363
2777
7007
5525
3188
8558
6387
4293
2988
6190
7451
2174
3484
1039
8766
7842
6312
1431
7691
9487
3785
3078
6563
10270
9061
6831
9360
2507
6374
8913
4665
5085
6940
7805
6933
7849
1755
3462
10558
6462
8226
5917
8524
4345
6117
9355
3888
8493
7698
9426
1227
6219
10870
8284
5255
10387
10226
3496
3780
4267
5350
2653
2703
5100
7583
3202
6434
5154
10792
9000
9243
8473
1042
7952
10528
5006
9054
6238
10012
9857
6245
5954
5180
3796
3267
3090
6047
9437
5769
8243
1912
7747
9766
6287
8852
9381
2001
5182
10003
10663
8253
6100
2541
2591
2622
2231
1032
5083
6477
7295
1515
4331
2592
1485
9336
6245
8199
8264
6722
1444
6943
8092
10668
6095
1550
9746
6833
9724
6816
7040
4031
5221
4838
9090
5345
1452
5242
2896
10129
5259
9298
6433
10924
1218
2040
6766
9336
7951
1375
8079
10826
3524
3779
6025
7751
6568
7105
2302
9648
4014
3231
3475
9423
2275
4953
3756
10050
4500
7749
5722
7097
6903
5589
10169
6516
8252
1539
10745
10217
1129
7271
7771
3341
10007
10912
1724
2313
9082
2386
9560
7863
2196
1050
1195
2371
6507
8693
4106
4310
6543
8876
6570
2637
6995
2323
3628
10917
9411
2245
3512
2779
8864
1026
10694
2467
4433
1452
10821
4214
1423
4194
6900
3237
3994
8661
7390
3463
1033
6320
9231
9640
8627
5260
7614
5700
7120
8390
7347
3360
6741
10933
1485
4904
5850
3238
9568
6701
8816
8062
6625
8042
2550
8500
7362
10610
5734
2119
10520
2775
9764
6368
6835
3648
9900
10478
7303
2785
8899
2450
2987
8478
9980
6687
6708
8037
2032
3081
6443
1609
1208
1012
5116
7974
9218
6834
4213
4899
8436
4221
10023
6036
6051
4085
9085
2642
10232
6434
7098
2455
2124
6677
9928
5685
2509
4156
8210
5380
6036
10503
5757
7034
7960
2195
1860
3167
3103
10222
6360
8226
1347
2863
1763
5973
4293
1830
1570
4635
8726
4170
8208
4649
2781
6481
8823
10668
10462
6812
9777
3434
10906
1527
6224
4731
3618
5980
3466
10554
6052
5986
6897
10489
8013
3314
3463
7105
8677
9675
8637
7502
8978
2552
7241
10961
3777
7244
5804
2351
7727
7485
8337
10280
4195
6779
9654
9699
8457
5444
4340
3460
3605
5305
2776
3505
2038
3706
10539
7679
2437
6097
3506
10606
10179
5333
8335
10106
2029
3856
2853
5552
5899
10886
10369
7246
2710
3331
4083
8774
6796
3118
8447
8857
9188
5632
3610
4832
6127
6119
1125
5247
9915
2037
5442
10626
5839
7855
4155
7992
9014
1873
10214
8871
7557
7321
5314
3206
8729
5922
7294
2775
4423
4359
2871
5283
6266
6686
6876
2286
3046
2344
3900
7065
10177
7364
6604
2166
3062
7378
9455
6206
4078
5951
9913
10121
10613
7740
9145
7666
9413
8656
3194
8873
5862
2990
10085
5247
10765
9784
9057
10175
6012
1705
7317
4400
1486
5769
10611
8025
10089
1417
4005
6568
8039
2293
6821
9717
9474
5624
8293
3269
2928
6122
1446
4674
9554
10164
4834
5598
6508
5886
5674
5039
6864
2766
4083
7509
7868
6735
2006
6962
6595
9009
5478
7710
1229
7629
7616
3640
9405
2526
6897
7871
8990
4102
10585
3473
6714
3569
1798
9933
2274
2837
1068
7465
5516
9766
2605
7904
8211
9164
7375
5905
5915
4719
5022
5741
9507
10345
2680
7523
2111
10308
9060
6086
2175
1044
7781
3731
4192
4543
9683
8704
1003
1073
3853
6610
6467
6906
5224
4860
8891
4254
10874
5422
1808
3087
2290
5481
4256
2539
2733
7925
10530
10067
3822
5385
2272
6749
3524
5300
10185
9427
3601
6452
7066
4998
9580
6420
5653
8834
3564
1135
10178
9863
8889
3878
7391
4381
10992
4281
10409
6273
1101
7762
7409
7611
5702
5983
4189
5862
9079
6075
6656
10089
1617
8177
1159
3650
1487
1216
4068
3088
9295
9441
3820
5148
6799
5706
6003
11000
9441
6889
6484
9433
9759
3422
7642
10452
3544
9518
10585
3853
4828
5669
1749
10064
8999
10624
5313
7904
1347
6999
10389
7343
8831
2364
1589
9112
1870
10859
3457
9793
8460
10985
7599
3782
4172
10052
8615
1570
7495
2992
6144
7214
7698
10496
2007
6536
1268
4328
5063
3477
6139
8473
6039
1925
1319
10367
3515
3590
9682
5140
1694
5215
2635
8594
7058
5164
5257
4212
2007
9755
10842
1844
10264
3571
5817
3072
4787
5810
9935
3525
1823
3471
10199
5275
1909
1427
5356
5228
2305
6436
6157
1646
10595
7703
1500
3394
9835
6408
8535
7931
4412
10735
6081
7644
1894
8963
10835
5876
5377
9847
7846
3301
8098
2060
6260
5499
7017
2929
6043
1942
5696
2863
4409
10305
9182
4060
9895
10583
6587
5473
6590
4879
6856
10771
7932
1137
4490
5138
1817
3232
7338
9019
8520
6586
9571
5652
6674
9272
10497
9841
10040
10582
7783
3379
1960
6624
3705
7592
2648
5202
6114
8789
1508
2716
4805
3860
2221
9533
4024
10194
9635
5468
4803
8467
3184
6942
8514
9160
9999
1705
1026
8282
6802
5732
9517
2364
5107
1007
3170
8627
8036
9392
3132
9157
9489
2511
7456
6130
3595
7347
10173
8171
8538
10098
4509
3210
8553
1542
5695
4118
7063
3302
8366
7893
9429
5716
1983
10687
10990
2923
6660
4762
3849
10416
8286
10738
5295
7314
2177
2967
7113
5218
8220
10302
2405
10236
2105
4752
5634
7059
8155
8252
6470
1955
7825
3180
9825
3931
1978
4442
8865
6497
3628
6739
8393
4397
3325
5286
6794
4288
2188
10157
3281
3371
4223
9895
6540
3457
4448
5014
8271
6750
8274
4127
4648
7277
7101
4794
2367
6113
4208
2028
9646
1285
9819
4559
7297
8899
1525
9379
5173
9288
2323
7343
3949
5584
4984
5111
1452
8919
9954
4955
6231
10320
8842
4124
2325
3627
9551
7568
8552
5253
1564
10598
9545
1509
9283
8033
10818
1788
1546
9304
2744
4094
10163
6827
6627
8052
1559
8238
10441
4797
2275
6047
8914
2482
5056
10671
8913
7613
1008
8303
7036
5303
2458
1423
6436
6634
2262
6421
9430
8251
10568
2696
3575
4495
1294
4364
8592
4764
9838
9256
7859
9659
7621
10028
1490
1059
5219
1871
1513
3148
9848
3717
9726
3163
8783
7400
10223
5596
6784
4589
9939
7754
2002
3822
9923
4793
8807
3839
4785
7835
8543
7937
9577
4988
1227
10855
5370
8630
3995
8628
10102
5513
4439
10415
2252
6690
1885
2083
2182
9318
8888
9877
6749
4434
1166
4931
8830
6760
4874
8055
8960
4573
9217
1753
1011
3014
7520
10704
4550
9875
3435
2250
3654
3123
5234
6623
9514
1544
9939
10401
8807
6745
5728
7715
8574
8455
3839
3079
3470
9434
8451
9706
5885
8976
8275
4828
7535
9220
2383
5351
9269
5625
1922
7952
4026
6206
3022
2592
2150
4681
1077
4312
8948
8039
10747
4134
7809
6159
7754
6628
4353
5056
2737
3660
9684
2643
4460
7412
1575
2199
10415
1442
3069
3665
6024
8697
8445
1624
7368
5900
10446
3060
7490
7146
3965
4609
1540
6709
10178
10044
5746
7602
3014
2485
6357
9561
1887
1418
1027
4903
4207
6756
4951
6875
2838
7274
8277
10736
2505
10319
4156
5957
5192
6322
5122
2632
4050
4182
6949
10957
7216
1053
5892
8665
9794
8007
6910
1893
9126
2161
1318
2682
5237
2924
7058
3570
1723
7987
2791
9806
6963
7680
10631
3089
9207
9802
9079
5437
4300
6116
5261
7982
10822
2216
10935
1282
10417
2046
9383
7075
6528
7971
2431
6871
6133
1671
7889
2312
9177
5021
2040
9547
4117
10674
5670
5845
9720
1142
10226
4686
7975
9355
3508
6055
2168
1763
2666
7257
4120
2108
6660
6143
7742
3625
2064
4186
5068
2280
7852
7120
3138
6732
4283
4492
6612
3306
1114
8000
10282
6706
9054
9884
3029
3767
5257
1916
2606
7784
4170
7806
8899
2865
2461
3700
10676
2951
1103
4299
8361
8576
7025
6629
9112
9836
7883
10500
9716
2883
8449
3108
9058
6874
5790
7977
8140
10541
8092
7546
7387
10547
8708
1568
7073
4496
7084
4458
3311
3087
6508
2041
8242
1930
10969
7845
5172
2732
2702
7571
6080
9342
5305
2090
9071
8100
8793
10534
4474
2210
3962
2643
3879
10609
6311
9133
8482
3197
3536
8972
10911
4625
10130
6538
3830
6372
3727
7106
1179
5291
2877
2782
8757
9562
9312
9663
5040
5108
2829
3595
4917
1659
10987
4109
7092
10565
3965
2077
10388
8267
1555
1396
6808
4480
10625
3699
1626
10597
6429
9766
8302
5838
3825
4957
5916
9338
5619
1641
9218
8015
7133
5039
5392
2357
9847
5164
8845
9851
8887
6381
2534
6147
2341
4340
8892
8217
10119
9512
2044
1857
10581
4584
10730
7139
2828
1954
10654
5617
10474
2956
10878
6850
8998
4525
6345
4966
7210
9098
4335
5780
6484
9142
9074
4844
8031
7931
1075
5539
5964
4154
1017
5828
8114
3523
9520
5787
5860
5748
4635
5857
10708
10188
7815
1528
10970
10171
8096
10864
8824
3601
4136
4335
8882
7996
9796
1350
9320
7609
10709
6340
6455
3064
3337
4017
7812
9286
5899
7441
10072
2148
7728
3800
4576
4917
10110
10381
7158
10293
2877
6245
4835
5277
4289
4349
6083
6859
7952
8111
5243
5355
7899
6877
2367
4884
6783
9632
4590
6290
4363
1571
2989
9878
1703
10445
2921
8367
7706
6675
10268
7729
5325
7410
8894
8307
6145
8754
8726
2031
7549
7560
8738
7812
9630
10798
4781
1824
5370
5091
3208
5906
9519
1025
8846
3865
1890
6223
1730
10041
1066
3939
3063
2831
10224
8720
10764
10483
3171
7301
5282
4235
5933
2489
7483
10335
7433
3262
9072
3144
3335
4718
4695
2730
9571
9618
4386
1343
7833
1377
10264
5614
1544
1905
7169
7683
8163
4302
8009
3508
8765
10756
10249
5756
3498
8852
7406
3396
1354
9918
5210
10759
2405
6888
4070
8914
7109
1190
4150
2707
2791
4549
9381
4494
5738
7092
10104
2610
3590
3395
4553
3795
10518
8629
6018
9139
3402
6529
10446
5500
10263
8782
2248
2876
9504
10274
1900
6415
7899
8772
7161
3863
5915
5679
3952
4274
5124
7792
9647
5408
1563
4113
10493
9903
5194
7959
8152
10877
6099
6388
5111
8642
8537
6553
8547
9511
5517
2085
2141
6806
8891
9800
9962
6042
10629
1241
6681
10477
7226
9451
8614
7577
4110
4310
8976
10039
1742
3923
1224
1635
9733
2490
6392
4215
9682
4104
4143
5140
7969
2696
7946
6882
10871
1174
5446
4908
3326
10830
3990
3474
6827
7751
3640
6040
1735
9942
9854
1123
8884
5396
2372
9724
7305
3342
5011
9556
8180
7574
6361
1925
6705
6703
8022
1785
2610
8907
10629
4575
6394
7812
3070
3843
3590
3858
5354
2025
5370
1555
9070
8443
4707
3717
8502
10812
5064
9002
1720
8070
6894
2205
3721
1536
7347
3482
9224
4904
8760
5307
6742
9736
10574
7042
7126
3712
4751
4711
1834
4885
10153
9075
3055
1465
4985
6478
3700
3218
1563
1919
3153
2942
1054
10847
7364
2169
10971
9186
4632
1597
10866
8392
3803
1350
2599
5027
8355
4129
9915
1469
2578
8013
3641
7962
9397
3179
5472
6766
1560
10768
7323
6290
7389
5297
4297
6977
2080
1001
1436
9964
10937
9141
8456
1828
6229
5321
9989
7014
3181
7063
4540
2918
10179
4941
5223
10140
10152
6108
6572
6538
1418
7326
6622
2245
10574
5506
10946
10869
4305
7403
1528
9118
10325
10950
7926
4617
1526
1158
10522
4708
6767
3576
2404
3660
7241
5447
3431
4847
1201
6455
8786
10014
9833
8711
4591
3816
7283
9751
8837
9555
10744
5208
8181
8206
6150
3110
2884
2562
5797
2734
10219
7507
5253
10356
10154
3793
5841
3746
4145
4586
6568
1070
6439
4269
6603
3809
4539
5696
7328
4342
3127
7526
10801
4197
7131
10753
6623
9906
8277
7115
9478
4053
9225
10899
9522
4434
3572
3114
6648
1950
1987
4979
2395
2502
1530
2058
4898
3608
7989
6007
10986
3536
4931
8118
9822
2247
6211
6788
1949
4772
3065
1466
8788
6841
2441
2847
6736
4204
6211
5716
9713
1799
5606
6869
4663
1617
2378
10970
8859
9314
5212
5745
4378
10303
4915
5895
6852
8775
2724
6889
3105
3051
8046
10759
6242
3802
1657
2425
5650
7221
7863
3653
7014
3229
8116
5659
4397
3347
2407
6601
9542
3240
6715
1360
4244
6217
5641
7737
10222
10882
5172
5950
4467
1668
8080
10184
6876
1233
9105
7116
1314
7163
9586
1245
1523
8421
2968
5697
2654
9166
7897
9588
1015
4105
9194
8668
3607
4916
7165
6192
3100
6613
8644
2594
4437
3586
7249
3181
4529
4151
7638
4794
4355
4443
8020
10500
2214
3123
1732
1914
2716
2606
1549
1270
1004
1338
3999
2412
8356
4280
3231
9077
6653
9976
2754
9375
5173
4865
6098
2351
3781
10791
1961
9057
9572
10342
10286
10683
7510
2491
2783
1650
5089
2758
6366
1439
1410
9757
5189
3987
4481
5741
3124
4968
3290
7429
7891
4419
5946
4047
10318
4916
3099
9408
1344
9322
7125
9059
3048
6508
9708
8536
1174
10041
1118
3382
6957
6028
10161
7296
3474
3326
7782
4222
6757
10416
1827
4748
1333
6457
9474
6147
10040
1029
9732
5093
10970
10483
3993
9145
6915
7791
4394
8101
5263
5967
8339
5829
8831
5064
9521
7489
3213
3950
9209
5142
9234
5107
3672
1329
10314
2624
3017
5625
9896
8569
1722
9302
6317
6403
1505
3207
6619
9491
2050
3050
9845
6635
7275
4706
10763
3056
3609
7797
4666
10938
2159
10551
7873
2703
8253
10586
8629
10031
6550
10136
3191
5688
1238
6687
1423
5447
8619
10898
2935
8373
2352
8228
3617
5310
8957
5739
5980
4912
1256
6585
4803
2562
3347
7454
7779
7461
4633
6562
6267
6922
6908
1256
3843
1775
9141
6481
7493
1954
8244
2025
10167
6786
5615
7317
5830
6955
8441
4252
3544
2330
6401
10062
8779
4108
1434
5515
9151
7471
8125
7493
7019
10566
5965
6989
8651
4481
6790
5758
9355
5598
7495
6333
5276
3953
4253
9152
5151
1245
2388
10903
5217
2483
8251
7443
5026
5579
2326
10912
9820
3529
8795
5060
8125
2962
5720
2262
8141
9132
2957
4791
7421
8317
2880
1928
1953
4308
1108
5477
8866
10662
10405
2011
10577
3080
5106
4260
4132
10858
10158
3121
6078
6895
2626
4794
1315
1880
2847
1591
6757
5066
7615
5702
5561
10455
7499
10459
7454
7746
10694
8345
1055
6645
5808
3872
5851
2893
2323
3422
1762
4151
7407
3093
7529
6591
8703
7122
3700
6566
10097
8881
3553
3771
8933
1369
6761
3280
7988
2915
9810
5359
4483
7347
2844
7090
5327
10715
1100
2258
7446
9093
3634
3739
2869
10027
10484
9719
10256
4012
2340
5202
4853
2037
4140
3899
10102
6090
10618
8533
10800
3731
8026
2146
3377
7415
6144
5927
5690
7284
1282
7970
9681
1680
10120
4525
10302
2768
3216
8321
5244
3986
7235
5159
6894
6983
4497
9810
6360
4051
2630
1488
5580
4341
1186
2515
8217
4683
2952
5393
5520
4628
3847
8678
8639
5678
8901
7679
9679
6370
5144
6444
10009
3307
7278
8426
8561
8130
3668
2203
7321
10573
10977
4575
3837
10013
6470
4033
5135
6039
10959
10097
3035
7206
5224
3773
1366
1884
3755
4194
9391
9907
5630
10257
6321
3396
2239
7938
10799
10852
8277
7405
6379
4967
10451
8693
7505
6061
7196
7037
9619
2857
8142
10307
8840
5631
10698
7970
9196
6204
3428
2308
9400
4026
9773
2007
4365
6237
3828
1716
7758
2134
10651
2769
2070
3921
8899
5580
2671
1526
9324
4541
4302
4910
7869
8790
7716
8033
1910
10835
1957
4786
1627
8856
8567
4857
9562
1733
5497
7121
2572
5185
9522
5035
3903
5910
10554
7664
7067
3274
10913
8533
3579
9158
6415
2501
5155
9014
4717
6696
10307
8242
10203
2362
6245
4277
2984
7537
8074
1507
4733
3905
6008
1648
5515
8114
7196
1806
7480
7734
2662
2815
5335
2285
9885
9811
10486
10467
4304
6943
9002
4280
1865
3409
5730
7964
4476
5507
10157
2919
3654
4157
9614
5633
8200
6817
7848
1293
2002
8354
10908
1069
9855
1840
10891
2939
3717
3464
7235
8798
3535
8956
1297
3690
2089
5941
10292
4305
3886
10925
7989
4646
9165
4925
5394
8382
4580
7546
8754
9596
10778
5513
2048
2797
9719
3612
5686
1158
5040
9132
1864
5196
8319
2580
8682
5851
7448
3006
9225
9224
1083
9725
3384
5479
9581
6169
1959
4345
5552
10404
10271
2431
1377
5716
2159
7458
10065
1732
1277
8778
8176
6548
5603
6353
5337
6895
9126
5546
1121
5246
8393
6693
1041
7062
9210
1047
6799
1529
10072
1596
6858
10228
7335
6059
3832
2112
7545
4732
5191
8194
10521
4795
7406
1671
4855
3695
7297
8780
1892
5696
3673
1540
1293
6404
5848
9123
4087
3738
10211
6121
1801
3804
10639
3839
3257
5700
9057
10107
7392
8828
7780
7839
2810
6015
2175
8118
2894
9281
9181
7308
5234
10435
6903
7542
3767
7260
5492
1768
10493
8385
2633
1362
4306
4848
3788
9667
10989
2352
2676
5530
6193
8354
3920
5400
4635
8951
7274
4228
7194
4955
6146
6484
8238
4396
7858
4524
10666
10718
10549
9205
1991
3782
3687
4221
2015
6198
4200
5288
6727
3137
4415
8215
9039
7851
5282
5058
1669
7666
8617
5233
10904
6423
9755
10409
7771
3144
7062
6004
6742
8136
5504
3002
8482
4353
10657
3716
4518
1772
2125
10935
3913
4737
7396
4321
2759
4991
8257
5419
3666
3541
1453
10069
9743
8046
4992
2719
1480
1794
6952
10715
3657
3274
3466
3879
10109
6074
2173
9647
8604
3668
8830
2803
7076
2306
5783
8352
10546
4775
6710
1025
10685
6280
6621
3293
4766
4020
1276
10408
10500
5489
5035
5401
1934
8466
3121
6368
4316
9042
7148
7045
7591
1656
7559
1340
3349
10223
9326
2316
2466
4072
9059
10141
5784
5777
8720
10553
6607
2549
9367
9847
7918
4838
3820
9793
5560
2102
9805
3925
2855
10210
1738
2497
1578
1806
4105
8345
3309
2494
10661
9247
3740
3737
2938
2690
8114
5054
8954
8731
1083
8859
2507
1710
2447
7164
9620
10610
10920
4159
3689
7325
6371
7840
5287
7987
2153
8585
3324
7283
8848
7528
9480
8783
4505
6318
9021
5006
10119
2785
2863
10601
8993
10539
5939
1501
6994
3667
2892
9346
8179
8976
2321
4153
4729
1952
2542
7071
9805
10685
8207
3601
4968
9290
1130
1582
2925
7776
10117
5467
10768
5786
3652
3062
5354
8986
10376
2851
10879
2467
3280
10481
5727
9088
1880
10854
5517
9825
3825
8608
1985
9153
1212
2174
7511
10131
10422
1579
8504
3529
5836
5387
3823
10873
10716
1643
9243
6162
3880
8596
10689
1322
10528
7355
3283
7401
1524
6916
6622
1019
1386
1842
3653
4051
5765
3213
10631
8640
4236
4685
4384
10990
1044
8629
4673
8929
7104
8348
10181
8246
8252
8619
7631
2839
7453
2052
2306
1572
5057
8003
1582
3279
9003
5499
8998
5591
8682
3242
5945
2340
7905
10832
3409
1084
10618
3098
3297
3566
9723
7573
2449
2582
8932
4756
6161
8351
3121
1292
4209
6338
4053
10626
7742
1142
3240
4514
9387
8285
6078
7769
3243
7618
6174
5340
8941
6642
8220
2285
2227
3623
9140
7680
5750
3150
2259
9659
9032
2053
1426
2414
8488
1041
8434
10845
8379
9592
5208
10654
2797
3423
2585
6596
4213
7618
10001
8692
9610
4166
1082
4228
3060
9990
4897
8865
4236
6785
8509
7391
7596
1316
6189
10977
1339
7341
10889
4563
1254
5686
2792
6667
7542
10369
4240
3658
8010
1459
6657
2987
1979
5366
8423
6026
7430
8317
9062
6164
2412
3419
8022
9973
9474
2382
4545
9357
1974
2256
1757
1345
10140
6073
2706
5078
9372
4580
4067
7346
3664
4369
8845
7172
6976
2574
8990
5109
7641
7983
1461
5846
3465
7282
1963
5196
6829
10296
5040
7515
3869
3186
1901
1535
9379
6381
1836
7769
1962
10157
6000
9735
7311
8425
6596
1394
1965
1787
3432
5278
3102
4879
10152
7709
5910
3094
9538
4213
8159
9817
6716
5133
10616
7827
7385
4794
8629
4371
5119
1096
8167
9576
6108
6821
3431
4862
4232
5383
7687
6513
9361
6880
3500
9570
1518
9972
6118
3233
3363
8752
7684
1262
7451
5274
9577
8358
6406
2533
7253
2890
1733
8580
1681
4928
5742
4067
7727
3334
8093
10546
9950
8238
9548
2040
8913
3424
3577
3603
3240
6826
1146
9415
1315
7149
2030
4980
6499
9691
7336
8827
9637
7133
10586
4113
7167
5976
1086
2898
8317
4365
3318
10700
5832
1069
4151
2565
1482
10678
8917
3486
6505
6425
2605
3080
4870
10223
7434
7644
5459
2390
2830
4427
4784
10655
7205
9580
7122
1280
8522
6550
5393
10484
8132
4272
1524
5160
5242
7451
9695
2556
5432
3512
4835
4375
3792
2096
5858
4777
1963
5574
2770
4778
4368
6312
7925
5495
3172
1611
1542
1017
6281
6629
8552
3645
1690
9379
8137
4509
4934
4268
3155
5845
5099
5092
2622
9031
9807
1358
8829
4841
8757
5145
8880
6867
4288
8191
7589
6360
1372
7609
9751
7315
3105
1127
10069
10000
5902
8006
7913
6434
1353
5132
1481
4646
5662
7734
5598
4046
9075
3085
5174
10092
1744
2136
9598
3207
6339
2652
4609
4467
10777
5240
8464
7999
3543
1139
7172
10390
3848
3452
6163
10168
7595
6118
6368
2476
4847
10092
10460
1452
5949
4646
9707
4707
1982
8800
1933
9672
9081
10459
7620
9796
2719
5788
7059
8402
5216
1863
3315
4058
7329
8137
3189
6607
4950
10608
3818
2328
4248
10887
8468
1083
6661
4812
1189
3652
1228
6751
7947
4787
8559
7596
9561
2089
10484
6523
8304
5132
7917
7095
9639
8118
4280
2587
3125
8169
8334
7663
10272
10503
2443
5720
6988
2964
10302
6533
9403
4509
5012
4240
10043
7570
8698
2039
4696
9893
6829
8308
2946
3566
4724
6896
9707
2860
10657
4241
1575
2474
4473
6848
5898
1841
1520
3584
3335
9135
4513
10789
6854
1357
4150
7010
9475
3834
2989
5742
7151
9987
4090
2416
5692
4817
7412
10109
9434
5967
10498
2970
7149
1386
1313
8606
4385
8831
2282
7574
10376
10355
5204
4629
4745
10773
10271
2440
4482
2129
2139
8287
4562
4703
9744
3992
10559
10230
8096
3400
6720
5818
1129
1648
1413
2973
3952
10998
7202
7375
3216
10365
1901
7703
8164
1670
1581
9297
10857
10722
4866
9657
1065
3893
5125
9279
9138
2782
10560
4904
3360
6198
9726
6848
5467
3820
7492
1457
3211
2829
2933
10840
6421
5046
1934
2704
2043
10881
8349
4742
6287
6811
3768
1170
1025
7045
9339
1718
9438
2738
3684
1185
9800
8137
8404
9100
3173
3584
4578
5769
6867
8996
7470
1188
10337
4158
6212
8741
7036
9058
7878
9748
4475
7894
9595
2633
1940
9315
4417
6397
7237
6327
7286
4468
6778
10101
1727
10723
3673
3502
10477
2913
1473
5993
10269
6704
6354
10387
3821
10710
9592
3899
9575
5196
6568
3894
3708
1991
8023
1166
2178
3477
3827
5939
4874
6465
9537
4582
10974
1576
5086
4636
5725
7987
4990
2075
8617
4557
9337
7272
6212
10635
2803
8113
8250
5107
8907
1242
3810
5833
2593
10893
9053
5407
10509
5095
6013
10642
9189
4571
5284
6357
2857
4514
2738
7575
4346
10497
3442
1838
2328
9266
2944
4220
1336
1226
10233
8788
5119
5286
5493
8253
9105
8023
7963
4630
4954
3541
2272
7241
3151
7779
5376
4854
2919
9922
9381
2496
1297
2755
8114
4732
3125
9673
5995
6475
2897
3356
3193
8643
4966
1392
7209
1532
8819
2890
6238
8461
7322
10882
8358
6493
4582
9539
1485
1896
10576
10858
5920
6373
4550
8028
5372
5989
7408
2209
3653
5784
7638
9295
7278
3130
1999
4527
9574
2277
1540
8232
4753
7749
10299
7858
9422
3634
1055
9042
10193
5582
9257
10283
7053
2548
4025
2715
6418
10254
2186
2871
6780
5757
8422
5057
1312
3864
7743
1373
2932
5608
1597
5376
1554
3735
2779
5854
4481
7439
1119
4494
2248
7999
7772
3410
9382
7706
9734
1187
10074
1739
1276
7036
10793
10395
7938
2102
1433
3199
4251
10476
3249
5897
5311
1444
5794
10099
5184
6895
9143
2368
8998
10999
1363
2862
7896
2910
10201
9247
9293
9106
6054
5360
2200
10317
4639
5517
2844
9820
9502
1204
3034
7415
1280
6663
10762
9461
2808
3361
10885
2828
8802
6423
2238
1833
2343
2681
3350
8787
6810
9369
9465
7732
2686
1524
3155
4042
9399
3501
10289
4316
3120
2779
4775
3653
2460
10820
3841
2086
10064
8831
8708
8356
10803
1620
1392
8403
2060
8459
7557
7819
10804
8799
8207
5795
6157
4427
6302
8660
5443
5858
9983
7999
3071
2468
4823
4506
9697
1398
6351
2911
7379
1840
3266
1532
7913
7709
7172
1489
4893
9151
9350
6999
3723
7452
8852
5303
6060
1516
6650
7729
1271
9610
6275
4184
8918
4832
3115
7515
8462
4396
5560
6200
2483
1526
5937
1608
6848
1479
2801
7915
10928
4763
3934
6799
2340
3640
10915
6527
2461
7374
3681
6588
10112
4126
8236
3829
2914
5806
8227
1951
6870
9300
9379
8859
5667
3621
9994
9181
7119
8519
1065
4925
2643
4563
6577
10569
2872
8394
7094
5407
8851
2053
8144
2122
1241
2293
1622
1634
4460
6244
5088
5522
9437
10696
8138
3252
2161
8885
2794
7197
3833
5782
8848
4421
10537
10935
5945
1267
4402
1990
5279
8659
5978
8083
2328
2949
7662
6853
1719
4289
1309
4281
3397
5547
6325
1651
10764
9386
4998
10537
1791
10162
5842
3402
6973
9569
5302
3460
9106
3932
5503
8353
3241
5107
1518
2660
5028
10771
8727
9929
4101
7071
2660
3288
10208
7921
2766
6232
8838
10216
8186
9351
9638
10425
8061
10122
5022
5187
3733
4862
3873
3033
5048
4796
3993
3565
9189
3306
3092
2986
3791
7348
3353
10669
4192
1584
4900
7558
8953
6607
7792
10010
6104
1032
5296
6467
10806
4160
8113
7276
6306
2749
4551
3719
9508
6002
7922
6811
4027
7958
2556
8142
9909
7479
7841
1658
5483
6060
10275
5961
10185
5104
10843
5938
4490
7511
5655
1678
6411
6185
6221
6107
5440
5952
7799
1805
1394
7899
8849
8598
8176
3402
8249
8913
9044
2681
9884
6356
8303
3499
2370
5038
2163
10786
6288
2387
5117
5672
9536
1689
7521
4107
10788
10086
9236
5573
6713
5590
1279
3181
1645
5459
1723
6307
4479
2131
2677
1466
3936
10973
9427
10223
7890
3400
7483
8629
9988
2326
6732
8259
9841
8210
9405
4995
4019
6664
6965
4207
7577
5917
1446
1600
4496
3265
8530
5300
10835
10001
6306
10530
1754
4977
9993
7113
8357
5188
1599
5598
3545
6566
5522
8727
6115
9367
1566
3240
2509
10599
10083
5512
8171
8638
10570
10582
6369
7719
1477
10143
7924
9054
7904
5333
5458
6179
10770
8673
10036
4660
7285
10959
7591
7126
5233
3900
4952
7960
8122
9836
3120
6058
8076
2440
3719
6429
3833
2642
4364
10026
6543
7567
2835
3539
9926
8133
8784
10812
1589
9640
2502
1463
9526
10620
10431
10798
6435
6382
7626
7501
8837
8239
5952
10914
7374
1557
5553
1173
7090
8956
7193
2348
4973
10934
7791
8923
1682
10927
5479
2748
4195
9521
3437
9624
4591
5175
8395
8093
5392
2081
9980
9217
5831
7434
6407
10014
9908
4362
9360
10645
8903
4242
5498
5630
2882
7334
4254
7764
6045
2047
7916
5751
10117
2760
1147
6585
1226
6029
9768
8220
7604
9628
10705
9527
3573
4977
8549
4402
2687
8759
8940
3222
2588
5940
7685
3426
1248
1025
10605
1762
4935
4995
7736
7095
7145
10726
4171
1803
8438
7524
7527
1194
5609
7217
5642
1807
9724
8672
8237
9692
9578
2716
10063
2040
9389
2785
8567
9975
5899
6353
2389
4868
2603
6376
10287
1954
10886
7433
10159
4667
10759
4744
10660
1642
3919
1824
5634
1896
3143
10703
8279
10487
6704
9009
2672
10275
6638
3993
8678
6045
7340
5294
7951
9281
9749
3872
3983
3185
10571
4264
7747
5509
4217
8317
3455
7866
6166
7185
6592
7649
3065
4433
4766
3892
10833
8577
6352
7834
3218
9660
7888
6251
2743
1598
10372
3135
5701
3982
1884
8453
10712
1414
8131
9247
6048
8428
2942
6061
9791
1422
6893
6429
6101
2896
1757
5909
10490
2564
6849
10616
2258
1845
3135
9722
3737
9967
7299
6238
5178
8380
1667
9026
10091
5210
4709
2112
7122
8804
5086
5051
3966
8168
6268
6294
10573
2925
7830
1494
3690
2674
4433
8710
5231
3124
10375
1922
8676
8631
10069
5053
5721
9069
8051
9648
2531
4517
10814
4333
6669
6323
1673
2191
10323
9113
9772
1416
9630
10180
4835
10956
6205
7885
7225
10712
1043
4729
3120
3193
10719
6258
1329
1310
7289
10959
1031
3937
2784
9152
7823
5301
8351
6201
1047
9590
4062
1166
3431
9578
9755
8078
10943
10944
9268
1881
9915
9225
4327
8210
10602
2893
10897
1143
7917
5768
3767
10437
1821
1799
2388
4097
1477
2245
10980
5288
5676
9673
10467
10115
6720
7325
7033
3065
6089
10185
7582
1481
8078
2116
9313
6169
10338
4112
8906
2515
6424
1355
8940
9634
5495
9370
3980
4471
2425
10707
10200
7796
8331
1060
9379
10206
3695
9162
9774
10388
9655
6129
10039
9689
1451
2702
10809
8082
1542
1068
6184
6000
6793
1617
2069
6797
1842
4998
3098
8587
9955
8899
2026
9261
3391
2776
8109
6374
2564
8355
3628
6257
3772
1385
6130
10863
8341
6739
5797
10032
9427
4228
5042
5763
6106
9322
3274
10976
6432
10881
8597
6244
4072
5651
2067
8880
2255
1678
1588
4179
8225
9187
9407
2037
9287
6687
8588
4702
9015
6213
9630
2076
4742
6002
8897
1085
8641
7348
2170
5164
2852
5537
10879
10274
5734
8366
2117
1462
1950
3657
2976
4457
9748
5740
1173
3320
9750
8552
1373
2449
4029
6395
8114
9078
10564
4362
7860
4953
4958
10093
3401
5414
9635
5720
9376
10376
5464
8646
4378
6790
7584
9199
1239
2484
7955
7678
2866
9151
8946
5514
7167
9460
9386
8187
8715
4354
10577
4900
6935
1180
10733
10561
3495
6532
9834
9081
9039
2130
3325
7743
4287
4975
10100
6683
8866
5936
3475
1684
1755
6789
8671
7569
1890
10954
5433
1516
2046
8858
8942
10803
1509
3456
8611
4746
4841
8374
1967
3090
4952
10451
8236
1569
3932
4408
3357
4694
3821
5516
1233
2173
3402
1609
8247
6264
5491
6102
5718
9234
2155
9548
8538
2819
2944
10851
6079
4863
4866
6976
9950
9123
10478
4621
4787
8396
7607
2079
10616
10738
4533
3153
2539
8767
8399
1425
2023
10751
2199
1795
4928
2630
8260
9469
3125
10832
9703
1095
7613
5783
6950
2105
1586
4694
7686
3422
1836
1457
1330
6671
6899
10350
3225
7115
5369
4786
1188
1356
7995
7499
8623
3162
3490
10857
7081
10205
1962
7496
2481
6752
8822
7751
1922
3611
5199
10421
6369
5875
5759
8670
10372
10379
7457
9673
5037
10349
4396
5587
1364
10472
4391
8962
6796
7144
2264
4574
1485
5847
8093
4626
5722
7041
2520
7874
5985
4628
10288
5644
7699
10572
5443
1534
10876
8989
5014
3173
5312
6495
10129
3460
3448
6765
5846
5054
7403
8119
5956
5134
2673
8055
9108
1165
3902
10756
7451
4748
4738
2869
8303
9469
7981
8427
9409
9834
3540
6420
2285
5805
1552
10053
8302
9355
2725
1043
9154
8345
6041
3284
3979
3691
7746
8685
2417
6888
7272
8947
1297
10560
8469
10571
5929
2810
9025
9394
9607
5721
1581
7007
6178
4811
5212
8467
2794
3811
7277
7915
2293
6224
4641
9705
7377
8058
5274
2652
9142
8047
8817
3659
7967
1698
4946
10659
6883
3835
3730
4743
7792
10722
2195
4774
10133
5480
4283
2227
5484
9370
4387
10790
9515
7610
1537
5132
6843
6941
2575
8779
5322
5117
1585
2911
9357
7614
10676
7001
7059
5296
6071
9929
2954
5696
8713
8998
7372
5503
10348
2222
2396
4549
3101
1159
5389
7074
6134
2621
2489
5509
2028
9798
3276
3261
6507
10733
7920
3310
2315
1730
3065
5112
10700
3754
2115
9557
10309
10434
1482
3376
4259
10885
4272
7319
2446
7149
8019
5724
4050
2890
10369
6209
2832
2998
8375
9089
7013
2050
9846
2811
7723
3187
3079
4960
2857
2260
8341
1228
9166
2798
10378
3323
9445
6959
4073
2301
1383
5179
8229
5130
5918
9779
7088
5130
7247
2594
7315
6460
7086
10730
10218
6938
5608
1215
9199
2527
6297
1097
2325
3249
1906
7268
1362
2427
6160
8932
1039
1743
9051
9595
2538
1681
2035
9236
4624
3651
9133
5888
3223
1878
1155
10651
9826
5273
5407
5384
5734
4325
10796
3531
3012
3978
3835
3660
6687
7495
9603
7441
9971
4477
8358
10038
6319
3185
3285
7123
2867
7587
3488
3604
5938
5314
9492
3491
2251
3812
4734
8812
2310
10883
2354
10365
1232
8582
3383
10864
5036
1749
3726
4661
6941
10768
1692
7136
5477
4580
10079
3419
6048
6019
9601
5332
3460
1497
7566
4135
10956
6008
7834
9673
8105
2655
10668
4267
6995
8282
9510
9189
6581
1670
4507
2343
10092
6760
9323
1715
2170
3670
7701
10114
3659
4411
9395
5788
10964
6525
10268
4102
5182
10607
4488
8819
6250
2740
7395
1126
10781
8430
5349
6186
9659
3996
2827
5460
3593
4718
3934
7685
5074
10561
7229
5413
3608
4952
4155
7736
4400
4248
4033
1541
9192
4049
2427
6443
1874
1580
4364
9908
2792
7491
3895
7874
5892
6816
7967
10153
10427
4129
7747
6815
4482
5990
10309
2499
10682
5434
6546
7512
4057
4712
4295
6836
1838
6065
2978
7991
7315
6762
10159
1594
5581
7864
5286
7359
3949
1838
6879
10877
5903
8964
2356
3051
7543
10742
9320
5635
8230
10180
9003
3586
10991
10294
10967
4735
10131
6599
8879
3948
3962
2571
6846
7964
8035
9470
2064
5725
7077
1711
10654
4326
9890
8462
3549
5080
4319
4361
9666
5236
7990
10694
7562
5424
1489
6888
4290
5721
6239
4863
1144
3362
3542
5998
7087
3876
9321
6023
10103
6480
5480
10055
5451
10586
8220
2960
8652
3473
4397
10181
1171
8676
4024
8895
7303
3957
1753
10504
1301
7686
6318
4552
5701
9245
6824
2651
5833
8933
4213
6606
1602
10215
6530
2500
2206
7112
2715
10657
5300
6104
8581
9183
7968
5700
2558
1328
5748
1325
9709
1794
6329
8840
8335
7861
7618
8068
3866
6242
8747
6138
7527
1542
8423
1528
5512
8529
1923
10735
7855
7359
10846
9320
2806
9532
9080
10482
3881
9152
5611
5492
4989
1949
9204
9534
2321
6841
3222
5572
7541
1351
3917
3171
7575
9693
6662
3758
4051
4432
3567
5592
10723
3297
7847
5477
3123
9161
6507
4373
7490
9126
5189
10132
8155
9422
7615
5324
7449
10760
1460
4593
3386
2203
8869
9833
3574
6112
1287
7081
1390
3937
1917
4897
8558
5027
9235
1611
9278
10295
1503
4397
7657
7902
1317
9903
3149
4893
1697
10567
1277
2426
10713
10201
9577
1548
2930
7474
1990
2248
5773
1447
10412
2940
9922
3111
8518
7395
10548
4796
2110
5125
6939
4816
5125
5222
10259
9006
6964
2231
8551
8976
1055
7131
5803
4285
7827
6571
1569
9121
4979
5583
4069
