10000
9412
9786
2388
4083
9490
1507
6230
6597
10438
10637
1609
7844
3504
2664
3708
5448
6242
4562
8178
1947
5091
6959
10762
9002
2523
3512
2734
7437
10699
4241
4869
2976
5322
2303
9673
3276
7564
1860
7355
7819
10480
1687
4085
7612
4805
2212
4061
6131
2417
6501
1255
7456
10752
8192
10991
6666
8866
4075
3481
1968
2198
2571
2770
5768
4507
6807
6254
9721
1627
6036
5389
4557
5579
8420
4155
3053
9180
8196
8057
2243
3441
5900
7237
8250
4734
4893
8912
10538
2723
5394
7087
7765
1596
6605
6847
9659
4215
8132
1044
10933
10812
1876
9842
7362
4360
3500
3439
10095
4494
4813
7051
2394
5898
7785
9620
6330
2423
3130
7270
7818
5833
1272
10682
9554
1134
10768
1014
7445
2448
2363
1107
7006
4448
3927
5205
4627
2613
3371
2103
5096
6734
2150
4370
9292
7056
1916
7594
2638
9116
6685
1834
1497
9958
8452
5942
8303
7906
6563
6937
4437
6411
2643
10750
3074
10849
7083
10851
2916
1288
1892
6416
1700
4122
10368
8357
9604
7773
5092
2995
1483
7687
10437
10119
10942
5168
7961
3432
6386
3766
2724
6064
2474
8105
5967
1078
9082
3920
8069
5503
9193
10353
5535
5228
1484
1501
9532
3004
7880
4711
8137
4187
7012
1610
8084
3580
7487
3752
8591
4251
9941
6690
4990
4936
10846
9437
3902
10536
9551
3450
3346
7903
1778
3536
1590
8453
9112
9738
1868
8837
8820
1312
10859
4144
8610
5423
4231
4435
9495
6148
2121
6363
4777
1429
2082
6781
9331
4607
10028
7668
9838
8239
4455
4424
3220
5590
5879
3469
7115
4587
2471
2902
6429
6143
2149
9735
10042
7556
6790
4529
5288
1221
9402
7856
6553
7145
8951
3462
7223
10115
1832
5724
7538
7127
8657
5932
8054
3142
6644
6663
6844
2793
8587
9048
1295
10603
4244
5371
9759
1369
3999
1394
3815
8347
5804
2614
3600
9903
3716
7657
3171
8482
6896
3134
7058
9325
1564
5420
9715
7139
1783
2276
4959
10529
10168
7224
7460
8646
8415
8174
10489
3922
6479
7280
1765
6871
9770
7932
2851
4649
3394
8061
3239
9132
8651
10796
7616
2941
6505
8755
2361
1753
10809
8537
6210
1815
3892
6805
3168
8781
3174
4149
5331
5916
3042
4872
9798
5605
4514
8161
5936
3101
8676
5951
10384
7866
7337
8936
4329
3037
7923
10383
6966
5552
5682
5090
1129
4811
8666
8620
6379
1250
9723
2929
5341
10001
4493
2153
7561
10810
6699
10199
10453
8675
10746
1828
5001
8379
4182
10737
10941
1575
2337
3068
1574
3291
2777
9386
7418
7004
6089
6054
4737
2383
1358
1706
10481
7130
3221
4140
7403
4056
7105
10632
10041
5140
2300
2069
9984
7149
6585
7955
6305
4696
7620
7721
9797
1936
7359
1461
9748
1515
5447
2245
10923
10160
4080
10200
1140
3349
8532
9259
7663
8194
2520
6593
1969
9153
10585
6062
8216
2685
8556
7762
10496
5128
4665
1855
2608
8632
3424
6250
2143
6346
3128
10515
3762
1071
5599
5673
2308
6876
10521
2740
4054
5685
8464
2407
10088
3557
6132
10887
8262
8894
6073
3407
3804
8634
8289
5937
9701
8162
3719
4151
10136
3633
9114
2185
1046
7175
5211
4834
5315
2107
7320
6454
9155
8925
5509
2825
2316
10648
4466
6013
8323
2896
7195
3517
3017
4137
3573
1697
6193
10102
6872
1875
5596
8377
5563
8097
6992
9612
8515
4230
1137
3955
9578
9848
8309
9345
2683
10934
10589
10093
5403
4103
7000
10761
10710
7504
7724
7690
4709
2461
2599
10869
6786
7839
10141
4530
4283
8104
4596
10586
9652
5409
7518
1052
10207
3241
5070
1009
10252
10780
7549
8253
6656
9416
3348
9280
9516
4209
6516
9344
5878
7971
7514
8181
8360
2688
3946
10642
5895
6393
10413
6366
9283
8726
10203
7167
2746
7871
6156
4743
2338
6735
3944
5636
9214
10829
3299
6178
2611
8388
3552
4749
1813
3018
9640
3438
5481
4952
10775
7160
3778
10184
3343
1957
2076
5908
8100
6215
3098
2751
7633
4837
1029
4183
9118
8660
9342
3016
3691
6208
10171
2205
8454
5011
10382
2533
1271
9615
1418
3799
9239
5360
8642
3493
5435
6004
2731
9520
5216
3881
1415
1541
5495
6281
5380
7443
8244
9630
1635
7940
7645
6307
1252
1666
8777
1423
8893
7790
1460
10014
10732
7931
5308
8938
6032
10843
3895
2399
9902
6480
6037
8683
2487
3494
7021
10089
5492
6811
8070
8366
2920
3647
1539
2101
9972
7168
4035
4663
4206
4817
8079
2347
1123
4489
10471
5955
8275
9700
8198
8628
2136
3164
10751
8869
4907
2395
6049
3659
7837
4428
4474
5821
2359
8835
6794
4968
7231
9313
10155
4899
5463
9234
4233
8007
3870
4220
10350
2594
5497
8218
2694
6257
9420
6382
2391
5280
6779
6852
9486
1921
10892
8127
2348
3820
3058
5824
5991
5421
7719
3446
8509
3501
9745
9387
3279
1475
9756
5798
6914
5278
1386
10738
1879
1404
10728
8393
5358
1201
6440
1219
1745
7113
7097
3468
1403
6297
3859
9149
6765
1798
8939
9021
3983
5598
10274
6206
10686
5284
8047
5881
10247
3054
8572
10215
9600
4753
8378
8738
7510
2070
5749
2010
4289
1799
9357
10492
9465
5960
1433
1685
5238
6953
7806
1083
3873
9824
9834
10158
9947
8295
7649
5676
8589
1987
1877
9390
8112
7927
10380
6140
2716
6492
4194
2386
2078
3160
2848
1365
5473
10182
10186
6171
4917
2932
8489
9874
1945
3430
1616
5607
7162
7265
6196
1597
6558
6944
8611
1049
10795
6398
8624
6484
10302
7394
4858
9392
9866
3088
2605
6713
5842
10654
3867
4920
5333
10874
2546
8718
10131
1764
8215
2491
2506
6694
10803
7253
8752
7326
3093
3414
6222
4237
10626
9586
3486
6233
3369
1441
2979
5058
10508
10623
9833
2120
2302
10540
8475
9337
6998
3842
8214
3354
4984
9167
7554
5455
5807
2106
2094
3835
6544
9609
4341
3525
8665
9017
4037
5419
8608
6271
10800
10411
6391
2712
9713
8493
3962
6512
7317
1901
6954
7526
5864
9560
2636
3697
7983
1518
5053
3582
6708
9130
10965
1982
8150
9832
4736
4593
2435
8979
7950
1871
10479
10044
9166
6565
8326
10595
10937
4496
6688
6759
10351
6619
3062
3106
10805
2980
2779
7465
2429
5583
4169
5862
4716
1502
3809
8896
1722
4989
8089
3883
3546
9076
2622
9100
10827
7401
2181
4567
10581
8043
3844
3458
7285
7287
7898
7870
2097
6371
9415
10484
7111
10279
9195
8467
10839
6110
4490
6888
1885
10698
5658
2003
2801
6661
1586
4314
5323
7688
4714
3463
1522
5756
5757
3834
5327
8039
5565
9716
1401
3423
7939
8116
4923
7704
3476
9354
1641
5165
9151
6209
10460
2100
5736
8124
5762
4613
10597
2051
9650
4421
3772
6259
7748
7159
3247
9136
2379
5527
10776
8960
6645
8757
8356
1930
5027
8747
3688
8463
9672
7062
6421
2350
6277
1115
8483
9221
1881
10254
8627
3969
6283
8978
4676
3661
3063
1996
7011
8044
7917
7245
3589
7875
1198
7548
9481
8264
8717
1678
6240
1882
9684
4637
2579
3645
3188
3848
3611
1065
10613
10630
4403
8741
9505
10045
2117
8935
1657
8658
6251
2063
5669
2785
9942
1809
8791
2775
5848
4467
4350
9543
8968
6812
7171
9500
5220
2208
5857
9636
3559
1346
10616
1013
8036
1731
9960
7658
9373
6517
4857
10096
5947
5038
1594
7599
8177
4793
9643
2426
4107
1254
4856
10506
1880
1965
3095
7474
6338
9881
6534
10310
10164
2552
9747
7525
3150
1995
4106
10038
10139
4310
4120
3841
3127
9776
9883
1149
7827
10703
1301
10553
5790
9979
3816
4071
1573
4482
3372
4580
7627
1124
5526
7190
8135
6425
2759
1923
6183
4515
3075
10543
10135
6833
8759
8882
5938
8078
2832
10289
4773
10130
9788
9020
6584
6948
10420
2006
4673
4681
4052
8199
3186
4423
5795
1709
5382
4761
8749
7795
3643
2080
4712
8928
7478
1622
3828
10705
5204
6082
2846
5647
9141
4326
8887
5642
3359
7027
1235
2021
6587
3415
3213
7236
10516
10689
2582
5989
3654
1579
4022
6138
7300
4797
5407
8028
2830
10545
6870
5196
3460
5225
8352
3884
3695
5178
8915
1915
6116
3755
1185
8155
9385
4583
2899
7624
5057
3207
7990
6194
10651
5294
5984
6984
8139
9966
10344
1711
5149
10172
9828
8983
1869
10562
8485
9870
3267
1482
10204
7429
10974
5562
3284
7324
2669
5727
6485
8384
2661
10033
3431
1604
5694
10954
3899
2662
5365
5126
1960
3722
6861
4705
7217
1138
6449
5460
7102
6433
1306
2951
6677
3154
10883
1756
8108
7297
6826
6151
5282
4765
10779
3116
1485
5065
10563
10996
9181
7173
8577
2455
2890
9956
1645
3161
7730
8512
5397
6128
4411
4914
1578
2572
9464
7808
6754
3682
3296
4641
10801
3608
1811
4108
9765
3594
7144
9706
4081
3507
10267
9511
1675
10445
6903
9839
6365
5161
9679
6608
5342
7182
9394
6284
5706
9477
2049
8543
10231
5671
3408
8223
9233
5300
10913
6800
4441
8818
10228
3453
5069
8444
2368
9173
9391
6347
1241
3261
7884
5772
6255
6979
7947
10396
6419
8716
10799
4361
8385
4684
4336
2880
10390
9276
4047
2257
7389
4068
6798
6894
4788
2521
4201
9204
10675
5912
7268
7258
4800
6639
7874
10173
7738
7788
10798
6165
2183
8710
1388
5198
2353
5637
3104
10015
2918
6406
1719
10982
7391
5528
1244
4138
8435
8402
1536
1172
4532
6373
9014
8187
9009
2213
7281
9545
3926
6088
8151
6612
6009
5093
9544
4154
8305
3410
2972
4480
4459
8886
4770
4874
6600
5379
10522
3634
5171
3413
6219
8629
6331
4392
4678
4369
1047
5747
5602
1886
1581
7631
8182
5627
9449
2104
8647
2870
8212
9442
9315
7768
6455
5849
8269
10669
9323
2467
1584
2567
1269
4189
8294
8513
8386
3857
9583
3474
9623
1469
6508
5920
3849
5254
10248
3812
7215
4667
7194
8280
10635
6913
1056
7060
5207
1554
5551
7481
6216
10815
6362
1519
1075
6087
7427
1442
9694
6308
6943
5931
8737
3222
10951
2534
3951
1912
8743
10638
2035
5197
8332
5352
3911
7425
3002
8014
6784
3847
4135
5966
9785
2766
7201
7408
6026
7914
4058
4599
2748
6038
1612
4420
9427
5973
7248
9212
3795
9867
5713
6860
5623
7987
6488
10744
5601
10981
3355
2686
2855
6266
2191
9066
8538
1703
1792
1672
5267
9200
5367
1614
7894
10950
3182
6465
4960
7003
9081
9749
7089
4352
9128
4540
5265
6682
10360
6424
4560
10216
1748
9267
6300
1351
9300
4322
2482
2493
4581
5978
8315
4279
2754
7470
5255
7609
8110
4444
4691
1917
8418
5678
5008
4880
5110
5206
5828
4949
2626
6842
8600
3948
10063
8387
3615
6124
7507
4873
3668
1348
8120
4692
1385
9024
5467
6655
8201
5820
3103
6410
5240
9270
8136
2796
10375
7833
10814
5262
7150
6246
7641
3436
3094
8261
1486
7125
10198
7752
10769
8190
1021
3543
1679
6809
1833
4105
4969
2020
6776
3314
7045
9792
7180
6883
7037
4957
3896
9637
3745
9257
4668
2229
10072
4002
4996
7981
6929
2954
6443
5203
2850
6304
9854
6489
7020
1311
10819
5095
7893
2949
10609
3421
4762
5523
7910
4913
5210
3526
2931
5699
2297
9235
7128
7304
6681
4063
9046
7100
10717
4569
4320
1585
3205
7132
8447
3718
7974
2073
3603
9542
7920
4069
3937
7181
7508
5257
7824
3041
9247
4060
8750
9996
3945
9524
6562
3650
7309
2380
4059
7757
9115
9047
10773
3317
6239
1534
1192
10145
3331
2249
5893
4402
10064
5844
7807
8394
4950
3356
7978
4345
9708
3964
7763
4945
10212
6385
3829
5677
2547
10911
5214
6339
7459
6866
8778
10828
5311
8437
3929
10633
4043
9410
8956
5886
2481
10185
4407
6265
3334
10180
3751
10406
10493
9948
2728
1208
8916
5567
1805
4342
9462
8588
9777
10504
2544
3350
2789
2823
3217
8373
10896
2413
10381
1853
6212
6968
9293
9771
4375
5536
3254
3553
4415
9139
5309
7890
3085
6043
10105
3216
5181
3807
8922
5506
6019
3465
4483
4383
10156
8400
8052
2706
4219
9154
4386
4601
9126
10621
2382
3846
9572
7992
4687
6906
6081
10552
4699
8528
10377
8862
9632
5408
6788
9875
2695
2649
7969
8046
3774
10008
7029
3096
2826
2044
6439
5554
4119
10910
3013
7379
9447
1943
6787
2617
5697
9555
5004
9206
10899
2178
5018
2713
8328
2774
7941
5572
4975
8722
1292
4281
8406
3281
1309
6854
6879
4405
8180
2269
5761
9414
8728
3770
2907
8382
10022
2778
6733
7546
4547
7046
4457
3982
8724
5470
7009
7718
6744
3658
7799
1763
8499
3787
6789
9102
9714
1330
5048
7600
4246
3489
10401
3433
8766
1438
4645
5106
1790
7872
5530
5818
4576
4312
8909
4938
9003
9519
9027
2443
8442
8031
4911
4962
2821
7532
3943
1791
4511
4125
8310
8547
7016
3388
5014
4111
1396
8895
3520
10426
8093
1835
1103
7451
10494
3566
4090
10196
10836
4447
5755
3831
6498
2148
1199
2056
2604
9470
7050
10073
6201
9843
10176
8019
6771
3980
9992
7234
2197
5687
7776
8313
5155
8082
2500
3475
7473
1345
10806
2990
10452
7722
9226
9851
7698
3499
3219
2715
3402
4438
10049
9962
1450
10683
8008
5150
3711
3483
7972
4218
8776
3813
9209
4642
8671
8834
6564
8490
8152
7886
6717
5924
1036
3337
6573
9272
7523
10013
8427
1546
4905
2566
4148
8083
10820
3021
2798
2705
1122
5631
8257
8457
3949
6487
1781
8462
10831
1780
3864
7406
8995
5746
2877
10222
10098
3311
6918
7921
3636
6828
1144
10824
4953
4908
8354
7591
6000
1640
7845
8852
7211
3910
5906
6191
6541
8498
1866
8221
5987
2618
4401
2569
5468
8865
10590
3131
8222
6626
4307
7662
7193
9216
8626
7370
1224
9219
3731
8414
5603
5336
10984
4250
9826
9492
5548
6875
2112
10149
4295
4159
9822
4927
6275
9569
3401
6316
4951
1992
7540
9484
2312
7851
2152
1667
7820
1117
6402
6646
6252
10813
2737
1213
6555
5974
6596
5227
1552
5036
3665
9859
8125
3333
2446
3707
3601
4453
2281
4570
8576
4117
2283
8581
8131
9318
1545
5852
3365
2750
1591
2568
6591
5614
6611
1076
2989
6849
2323
9213
10587
7853
7924
4812
3225
8630
9693
1439
4323
8259
10840
1337
8103
6827
1817
2372
6825
1371
10915
5350
2373
5416
2326
6296
9215
6136
4208
3163
9460
1937
5545
1179
10995
1727
7642
7397
10090
1661
7672
8504
4165
4202
3514
8334
4139
9707
4652
10601
8782
3992
5914
4850
7902
9079
5956
2889
8898
5122
4608
1058
2733
5486
4979
9625
9097
8689
8207
2839
1857
2592
7477
7066
4943
8245
1842
9722
4615
5003
6604
7671
6575
2977
9896
1625
1985
3971
3950
8753
2095
7717
4701
5921
10877
8368
6705
4015
3377
7606
1427
5874
2540
7725
3740
6891
5275
3490
2058
3715
2033
6499
2018
7740
7597
10922
7249
4967
1729
5980
2071
10818
3843
10907
1045
8751
1380
9025
3302
1496
5142
3118
8068
7183
7369
1152
5296
10397
5890
6885
8541
4671
2548
9375
4915
8342
7863
9737
7943
5493
8183
1323
9381
10483
7454
10037
10066
5427
2988
6447
3664
2167
5305
1041
4195
2910
2525
2709
2041
10414
7076
8154
7835
8434
3651
1086
9252
5558
3521
2296
5616
3231
2727
2030
2424
3329
6213
3570
10928
9229
9371
3830
3011
7735
1993
3901
3625
7756
5927
7881
10715
6070
5734
3273
9712
6441
6631
3003
4653
6796
7094
3693
9860
3364
1854
7387
1830
5785
2681
2958
4545
3742
2186
6047
7862
5728
6981
6647
1227
5606
4697
9409
3593
4771
5351
7952
3243
2672
2310
3773
10919
9268
2535
4611
8279
9959
9831
4366
10530
3230
7335
3717
4806
1067
6607
1779
6418
6039
2166
10219
10676
9175
2536
1754
10807
10218
8227
10926
9857
5584
6743
2202
9085
3808
9540
10192
7682
1531
6909
4093
2223
2126
2812
4472
3598
1392
3649
3991
5369
5910
8237
6551
2702
9431
4033
5871
10640
3539
4598
2019
10197
3721
5273
8224
10688
6258
9256
4658
2573
6684
10914
3979
5918
10352
9296
7373
6530
2639
4870
7206
10743
7486
6354
6015
8874
5083
10400
5179
4513
4503
4358
9196
9988
1414
2340
4487
6633
4259
5839
7381
1059
9863
5479
6299
9389
9821
5797
3090
4001
9454
3236
9873
9329
5653
8241
8554
5292
6567
2352
6899
2306
8931
6042
6624
7679
3412
1397
10731
2251
6423
6303
4324
3005
3935
9504
6486
9940
9109
1273
5488
4555
7515
2324
7484
2221
2492
2287
7555
8903
6130
6237
10449
7492
3347
3282
9810
5950
8612
10534
4739
4688
8166
9799
8519
3581
5970
7364
2439
6557
5574
7772
7070
2462
4468
3527
1583
6602
3471
5883
7325
7676
10785
5726
2172
5236
9719
4147
6249
8010
3954
10405
3444
8517
6704
10826
7055
8348
8123
8507
1095
8286
8349
3245
7400
6768
6158
6969
10619
3447
2304
1299
2518
5361
10821
6167
7545
10463
7342
2974
5156
4520
4027
10455
9626
4677
5232
1619
4150
4073
5245
8546
9690
8298
1274
5524
3288
5109
9450
9991
8787
2074
7242
10276
6017
6327
8843
1664
3781
10602
3775
5249
1577
10719
1466
7702
10474
9273
1796
10053
2216
8927
3794
9208
8487
4939
8034
6819
5835
4432
1452
9546
4617
6200
2457
3461
3652
7458
1259
7656
4769
2108
2425
8032
1841
10771
1846
9231
4882
7033
2888
1247
7666
2647
8226
8740
10758
6457
7573
1215
3496
10398
1446
8817
7069
1898
9105
10517
2387
8449
4940
8955
10531
3724
7276
10491
9160
10931
7501
3921
9424
10058
8145
10947
9682
10376
5659
2886
1038
2375
9198
8797
9564
5176
2828
2454
4239
2906
6244
8780
5867
9274
5612
4340
9328
4163
10288
7112
9904
7843
7732
8534
6920
7764
10655
8813
9369
8311
9639
8106
6988
7888
10825
5745
1436
4803
4016
10299
2011
5457
3657
7879
2291
9421
6763
6137
4702
1838
4000
6050
10434
10316
1707
10087
7024
8003
4821
9670
3599
7188
9743
7646
6692
2199
6830
3069
7169
4317
6477
2730
2173
7937
1742
2799
1294
6061
5847
2732
8238
9841
10024
7812
5806
10263
8861
4363
3677
7595
3199
8339
6500
10757
5200
5213
2792
9514
4257
10895
1064
7488
5289
4961
10835
3403
2660
1428
7376
4651
8281
7444
3628
3278
1048
10865
1410
6533
3703
1514
1688
4778
10878
8015
10003
9669
8439
10282
6753
3656
10808
7593
10578
10027
2438
2862
6577
9917
1629
8949
2815
3733
7262
1281
2314
10436
1190
8678
9539
6442
7587
1377
2994
7629
10925
4796
8064
5022
8390
6093
10908
2588
6470
7570
6697
7424
4998
2336
3692
9892
9587
5378
9763
2210
2856
9675
3419
3986
1959
3541
10067
9611
5464
6102
7136
4650
1050
2758
7071
8785
5303
6864
9509
6285
2274
10901
2698
4822
10893
8363
6746
7589
10468
1217
4373
8815
8614
1600
1459
6084
7767
2258
2228
10244
7218
5472
1715
1529
3511
9503
2557
5335
2224
6878
5877
10379
8045
8875
8690
3638
7534
3729
7801
5720
2653
5134
8488
10057
2145
7093
3646
3931
7212
7233
6125
2553
5975
5684
3202
5173
5310
7840
10117
8735
9131
7811
1973
4995
9877
1026
8597
5817
6083
10181
4024
2607
8857
8970
1417
8900
10694
9990
9438
9499
8179
4172
8933
9791
6829
1430
10677
10439
4884
8353
2165
6522
3393
3170
6095
9579
8314
1262
10611
4418
9011
2838
6397
4535
1320
2480
10370
4253
10548
1169
10358
3440
7741
5253
7314
8521
1035
8864
9441
9496
4213
10166
2057
5780
7147
6758
9418
2436
2290
8335
1243
3165
8878
9008
3736
8277
6177
5496
9453
3195
7305
5021
4087
9750
9183
2721
10557
6109
2161
9157
1890
5147
2339
2252
2427
10668
9608
2465
3352
2861
3215
4458
6322
1932
3685
2032
5710
1090
6610
8506
1543
7511
10324
5347
6059
4852
7279
10661
4167
5328
5074
7038
1733
1859
4084
7596
7830
2762
1210
6770
3084
10011
10842
4648
4987
2472
2490
9816
9993
2334
3206
10357
4481
10314
9061
8023
5405
3066
4121
6369
9550
9930
8914
2498
4980
8635
8996
10465
6510
3891
7747
10730
6938
5084
9512
4268
3783
3137
2586
5452
7313
2317
5314
7613
7042
10394
8669
10866
3669
4602
8779
7165
4707
2477
8343
8508
1655
8770
5226
4258
6986
6973
1757
7155
7422
4014
7533
10882
9428
7857
3083
9295
10537
9521
4606
2833
2867
6780
3928
9211
9809
4885
5553
7945
1187
6845
1690
10872
2408
1236
6518
10736
2141
4161
4867
3268
9906
5783
3791
5132
9651
7103
4282
2470
4192
2050
3304
3798
7723
7491
4577
2524
5778
5501
5387
7319
7256
1671
6529
7519
8692
6458
7067
8017
3862
2720
6002
5718
4130
5752
10189
3792
9243
9459
8037
5029
7077
3663
8816
8336
8341
6494
9978
2753
9356
9086
8848
3984
9912
4521
1109
10177
8153
6996
6848
9949
9565
1848
4883
2402
5622
9192
3107
1007
1492
7243
7786
4808
6777
10084
6618
10097
3322
1378
2234
8819
8829
8304
4903
1694
7619
9668
2419
1457
10251
2739
5629
5202
1735
5952
3345
4284
10912
3515
5019
10423
1136
1589
2389
3212
1686
1717
9308
9282
1159
7693
6090
8851
7222
2235
5812
3925
4096
4733
4981
8372
1527
10005
10032
5270
2827
2125
5372
10930
4190
4919
1341
9755
4710
6160
4100
1282
3070
3875
4828
7976
5162
1808
10124
2610
10894
5787
1263
5723
9125
1929
5107
5264
3905
8831
10853
4789
10242
10864
6329
7904
5055
6021
4044
5412
10133
9997
3242
1580
7075
2299
8641
6675
4744
8361
5388
5133
1656
7695
1150
2174
7156
7230
3985
1204
7991
1080
3696
2060
4830
7073
5925
6253
3908
2621
9217
1434
1189
6543
10424
10343
6490
3081
2396
4454
8919
7252
7934
7295
1313
2719
4573
3092
2644
5071
3477
4333
4330
4261
9404
2805
4495
2913
3307
8860
3454
7298
1163
2585
1141
9627
5863
6170
1900
9277
5428
7353
5788
2343
6832
5963
10963
7761
1091
6881
1088
4604
9724
9704
7869
6755
4390
6231
2707
2651
3540
6925
7505
8325
6065
8067
3562
3839
1938
6720
7651
9804
4439
6317
7345
6058
5104
5000
7982
2991
5689
8659
10739
7994
1464
3437
3904
1652
2756
5417
6218
4746
2086
8461
1934
7157
9430
10997
3972
8413
6570
5940
10328
9266
10236
8715
9552
6243
5957
10165
9158
8844
7703
6364
8510
4631
10261
3014
1858
8369
9965
7413
5251
7098
2541
7209
7892
3916
9517
4594
8775
5385
1127
7559
9156
6877
2857
6716
4775
1870
5569
2488
6526
2783
1696
2882
1384
2031
2367
6352
6097
3814
3143
2819
7626
2680
9142
5845
1326
6751
4476
1408
2930
9983
7031
2677
1096
3574
6069
2684
7946
9926
7779
7601
8503
6868
2738
9203
10875
6195
1350
9403
3135
8256
10939
7705
8002
3629
7625
4510
6669
1499
6337
9327
7524
6466
4909
8149
5166
8240
10235
3660
10511
4193
4988
6531
10837
5094
4614
1435
7288
3923
7915
8412
9317
3531
6003
3342
3110
3079
3821
5801
8901
3596
10266
6614
2463
2040
10706
10154
7200
9571
6956
3208
5672
9275
4109
3728
3426
10387
6657
7962
9281
2900
2390
2620
1888
9471
6724
3548
9835
1613
9016
7683
4128
8560
3897
3973
4433
6467
10169
9185
6507
3672
10976
8754
3832
7286
7007
4621
2456
8095
5489
6155
3618
1673
7001
10889
10303
3146
5239
6091
2852
5617
3757
6358
5469
10591
2090
10211
10955
8276
4316
1142
5990
4465
6323
10972
4449
1633
6617
8774
3223
4331
7838
6601
3383
4304
5894
7498
10524
5302
8636
5561
6928
2884
4809
1851
9681
6574
8719
7493
10567
1024
9518
2835
9989
5079
1638
1393
4946
9758
8680
9133
8768
4066
2818
4335
9661
9348
1156
4146
4032
10318
4531
6238
5462
8048
6855
8445
3771
3194
7517
1683
9910
7061
1983
5437
2703
9761
7605
3676
8802
4506
10927
5418
1542
1944
2903
7552
8586
4533
2670
10392
6671
3981
5571
5098
3560
7207
6620
2788
2093
9472
8913
8229
3473
4338
4768
7014
3776
9774
2726
7984
4132
4785
2543
7731
3617
4499
3487
10573
9010
8531
3777
9298
4118
1565
2001
9914
4512
9812
7936
5855
10550
6448
9104
6960
8918
3571
3270
1653
7035
9667
6546
9036
6150
3238
9299
4635
8606
4704
6174
10708
2138
4787
4971
1738
9994
8545
1280
4544
8867
3607
10339
9818
2973
3976
2527
5649
7821
1746
9362
6172
3321
5997
2668
10631
5587
4634
3259
9872
5215
4619
1467
8088
1924
5383
4129
1755
8631
7614
9676
4985
6648
10298
5707
10687
3497
9705
6815
10179
6974
6683
2253
3105
10208
6496
3544
3300
6535
3192
3246
5899
7675
1316
9938
8899
2834
4674
5396
2791
9098
1310
6185
3727
6946
9928
4929
2432
1267
8839
2254
6190
2532
1413
5513
3443
2327
9260
7189
3681
4133
7117
8272
7311
8479
1419
1374
1106
4275
7958
7040
9186
6951
10113
9598
5794
1493
9646
8114
1092
1659
7841
2220
8934
1807
8440
8806
10469
10296
5217
4242
7036
4354
4672
8981
4488
9405
2401
9970
7054
7447
1734
8699
9333
2369
1906
4505
8957
6357
8748
3606
5340
8117
3793
2484
2398
2824
2128
2054
10948
9537
10159
9853
9135
2119
1449
2495
3840
10890
7550
4436
8090
5632
8416
8392
8707
2134
5478
1033
6702
2284
4600
8156
4300
7681
6865
4228
6588
5438
10674
3579
4741
10897
1631
4698
10961
1964
3378
6594
1264
7865
6521
2969
9473
3797
2946
10019
9395
8889
8945
5810
3914
7916
2601
7421
3861
9031
8526
5286
2872
5020
7685
6121
5446
10243
1331
1952
7867
2175
9343
4382
2849
10659
8863
9590
9894
6014
5484
8948
10909
1220
8618
10433
6245
6889
3906
8171
5391
9897
2595
9440
3318
6965
9641
9341
5373
9444
6280
6309
2596
10764
6651
5125
9101
1563
7351
7733
7393
3627
6399
9946
5735
8119
5888
5321
8684
10628
3157
8764
10646
6595
7068
7975
8450
7341
4248
6335
8799
10023
9038
10372
1708
2772
1105
10763
7032
3801
3399
2437
5969
5591
9893
1022
1226
5958
4274
6831
2393
5410
8284
2831
9692
4254
6030
2256
10478
1327
3404
6344
7450
10665
7343
2321
10650
6044
2908
6497
5229
9856
7340
3530
4089
8049
7196
4164
3491
7415
10707
1761
9075
2329
10584
5272
4721
1239
7885
8322
9172
6422
6098
7246
6396
5577
4211
3578
10856
3301
1896
6785
1821
2444
1015
7581
2667
3704
7655
7350
5692
2180
5929
10374
10921
3918
1668
2736
1737
7988
8071
6778
3027
7836
2007
1422
8138
10425
5366
2204
10560
7199
8713
6320
4680
2854
3091
4256
10322
9606
8842
5377
8821
5873
6752
4630
5087
8431
4840
5250
8401
5244
3936
1528
5212
9352
8961
8148
4271
8674
6282
2928
5393
10625
4038
8077
3753
6679
4179
7476
1974
10544
8873
7489
7846
2187
1040
6029
7088
5909
9887
4776
7079
10753
10487
3522
9813
4982
7669
9878
1772
9642
3575
6434
4958
1824
4225
6077
7499
5933
6750
4992
6248
9065
8796
5146
9567
2135
8621
1920
8065
1509
5442
5786
3141
9780
3780
7911
8854
6509
7973
3115
10765
8011
7008
10329
3508
6288
9775
3734
4422
1184
1176
2510
10311
3111
6556
2797
4930
4970
10174
8340
8808
9188
5540
9889
7852
3699
4221
10079
10980
1477
9935
9073
5976
7579
8478
1383
6731
2025
4727
6783
7134
10509
6394
3298
1931
5517
10568
5610
8397
7064
10778
8081
6603
7310
5374
8147
10870
5400
7791
7347
1844
4417
8425
3555
3785
4816
1147
4554
6538
8167
10607
4207
9241
4019
5700
3679
8734
5031
10312
1847
3258
1293
7979
1806
1206
7328
2159
5770
7933
10760
6958
5875
7586
3878
5666
2047
5830
9443
3076
4999
3381
3741
7178
6911
5826
3565
4861
1511
10518
7292
7123
4508
5791
10789
9760
7210
4595
10917
4859
10880
2982
7630
5287
1961
4406
9730
7778
10647
8206
1997
3698
10929
6395
10605
3642
9050
1788
10129
5683
1776
9689
5459
6902
4353
1237
5445
3046
1822
5441
3380
2570
10290
5283
10691
6290
4270
4398
9864
8146
8732
2282
1595
7357
2022
9752
10132
10854
1758
9190
7333
6579
9594
1011
7996
1941
3610
6989
9674
3191
6060
1355
10749
8405
4393
9846
1750
9599
4774
5802
8164
10528
10304
6710
6687
7580
6261
6310
7677
4160
10596
9163
2277
10932
6241
3327
3405
5363
1907
4855
1732
6816
8438
2008
7729
1699
5223
9119
8254
3367
3591
5885
5986
9286
9340
7512
6149
5946
3595
5872
1238
1328
7673
7107
9557
9176
5317
7267
8682
7082
3252
2787
3065
7321
2265
10722
8292
4792
8870
7208
10558
5887
7358
5307
4226
6481
5869
5339
4504
7737
3678
4807
4141
7251
9814
8176
10594
4584
2615
8465
1636
1741
1368
1472
9610
7296
9535
5471
10055
7557
1253
4853
1120
7301
10673
5876
4890
3026
5233
4618
10513
10881
2075
7938
10973
10606
6378
4293
1549
8362
8358
1608
4916
8868
7346
3162
3917
6549
1160
7684
7749
7229
3503
10533
1978
8448
8879
5050
7706
8999
4740
3251
10295
6987
9205
5293
9898
8974
2241
1057
3289
4694
2912
10723
3478
1919
2769
2225
2029
6107
4525
7782
10127
10306
10395
3924
8188
5944
5256
9561
4040
10245
8691
2301
7966
2640
6774
8502
7430
3737
9764
9696
9501
1555
4845
7537
1766
10009
9384
2655
9288
5645
8897
10777
6356
2449
3271
6302
1471
10755
8923
7753
4948
5581
10964
1030
7734
4895
7759
2584
9068
1902
4528
6113
9794
10125
5184
4726
3203
1918
3978
3265
9830
8471
5399
5332
4442
10415
8291
8667
5266
3198
10249
10012
1002
1658
8623
4888
2917
2356
3860
10202
2895
3758
10614
9124
8739
3353
9607
10025
10432
7715
2757
6813
2950
8745
8410
5439
1344
7442
5568
7151
9051
3024
9278
2206
3683
7635
9054
4094
2955
3464
9261
6005
6112
10085
9533
1291
6706
2577
7513
9497
1895
4904
7469
2657
2292
2984
3577
10385
7235
5665
1948
3880
2937
7271
1572
4337
9469
7986
3032
7623
1769
9103
1062
10960
3855
4827
8812
9483
5913
5189
1508
6843
10653
4747
4265
8904
5111
8301
2591
10542
3306
4269
3409
7084
1114
7108
3576
8539
2897
7423
5297
7263
4136
3767
2891
10546
10373
2037
5819
1352
4757
4313
10209
9865
6540
4887
9663
5739
7959
10232
9174
7315
9995
2964
4810
2024
4332
2802
2320
5730
10103
9411
8121
6719
4574
9030
2318
2745
8422
4764
2551
4266
4498
4178
7334
1354
9631
4343
4644
3811
10315
7485
9106
9698
6884
4299
7956
3909
4829
5138
6389
5033
2262
7567
8524
4586
10971
8790
1491
2820
8800
1730
4918
6417
3819
6523
1317
10600
9633
9360
5324
6846
6115
1028
7576
4921
8130
10936
8613
6444
9129
7615
6766
3484
6435
4794
2496
10783
7634
2196
2635
3293
5429
4748
6728
7053
8569
8128
6664
8407
1143
6452
8705
10278
1720
4926
5291
9367
7813
7412
5708
4460
8982
8029
7462
6188
8952
4902
5595
1321
6862
4500
4325
8793
1277
4077
10408
6438
8575
7535
9161
6478
4046
1550
10071
2597
2052
4400
5737
8527
10126
3689
9634
8890
10727
8605
3396
6225
2642
10953
5059
10867
4440
5742
10847
7026
6887
9769
4025
2222
8984
8840
10946
1571
9361
10175
1102
8175
6127
6471
7356
7225
5426
6321
5474
10610
5662
3006
7374
6445
2226
5769
9823
9289
8091
1367
6068
4660
3169
4013
8246
4661
7628
2319
4750
3133
2122
4603
1523
2286
8113
1130
1913
7414
3055
3947
1191
5959
7802
8594
9782
4558
5117
1784
3294
9683
6460
7603
1072
6192
4561
4751
4966
5512
7831
3319
4942
5174
3653
5896
6318
1139
5034
3748
2263
4679
2631
3138
5318
9621
3590
1400
8947
2137
2062
8664
4563
9083
9744
1145
1372
3287
7803
9592
1525
5738
5334
10441
2067
3227
1775
7148
5935
6528
1034
5123
3609
10834
1387
4759
8197
10281
9363
9475
7644
2960
8012
5345
1093
10371
8477
6668
9019
6306
7306
3312
7331
9908
10482
3009
10523
3622
7154
9815
7522
6559
3387
6839
9807
1517
3802
10419
5655
1553
1069
2064
4104
2341
4235
3295
6205
1837
5750
6718
3572
9986
3398
7792
4091
7826
4609
4371
2587
10959
10321
8679
7547
8371
7339
4391
9359
4318
9150
7015
10692
3139
4924
3266
10422
8937
10342
6963
6295
6432
6835
1175
6404
5774
6214
7214
2239
2940
1530
3993
3877
7780
3156
6537
2404
2499
10838
1598
8321
10404
5897
8330
5440
2944
8590
9364
4177
7640
6821
1110
3179
4582
2933
5884
2486
2214
8617
9164
4610
8555
4633
7030
10195
4368
6228
5355
1966
3087
1516
8907
10862
6035
7366
4575
5954
5520
7467
5733
1949
9078
7876
6221
2558
7805
4889
9795
1329
3422
2268
7571
6235
3913
8495
5491
4007
4972
10884
8320
1682
4552
8020
6670
4115
9319
9123
8946
5634
8969
6129
9847
10555
5930
4492
3338
6328
8163
6301
6189
1445
2692
4191
8101
9018
1181
5609
5193
6111
4278
6052
10816
5998
1012
1725
1135
8823
4280
2522
8209
8426
3323
9246
1874
10193
9406
2528
1249
6431
10649
4267
9063
7577
4892
5693
7086
2179
5112
3428
9349
1231
3989
4925
4669
5077
9665
6527
10860
1395
9998
5792
2418
5829
5480
9400
9033
1407
9467
7783
2124
4443
4565
1861
2517
10657
8466
10724
6892
9032
10532
1170
3360
3965
3073
6590
4461
2869
10161
4288
3008
3120
2987
3280
2583
6117
5221
9071
2415
5754
9457
1389
10678
2416
4779
1246
3326
2853
10643
9531
5686
3995
2434
7935
3052
4720
9685
8648
1361
7536
7900
7259
5638
10347
8809
10138
7158
3123
1701
9408
4095
7708
8993
6430
7329
9207
5589
5533
3805
9366
1558
7953
10039
10320
10740
10349
1481
8769
2689
3153
5346
6199
7240
9321
1168
2623
1180
6168
3045
9789
5159
10006
5516
6858
9900
9869
4272
6532
5465
1503
7712
4624
6859
1042
10217
2881
10359
9238
8111
5502
3158
3303
9480
5674
7883
5968
6665
2507
5814
4522
4064
4262
5870
10566
10662
6672
10283
5119
10021
6727
9120
4290
8832
1468
9380
4020
10499
8849
8976
6220
1283
8208
4051
10121
9113
7691
5209
5248
6589
6207
10336
10985
4116
1986
5891
4296
6680
7899
8306
6409
6359
1332
1752
4836
5651
1051
2305
3538
10334
1343
10227
4549
2722
6930
8992
2017
4518
3533
6461
1893
6967
2160
7948
4426
8443
2515
1023
8302
7371
8473
8736
1488
6016
5398
2099
7784
5866
3425
2776
6615
2559
10879
1304
8243
10443
1684
10994
10051
3028
7275
5588
7137
3250
10077
10435
1980
9837
5675
9290
7372
7575
5049
1018
10092
6096
9925
10977
6010
10966
9726
8459
3057
3362
7686
4017
9526
2529
9001
2295
8456
2246
6897
10891
1490
7419
8013
10535
2624
6057
10645
9736
10000
2999
9614
7109
9513
4728
8134
3863
7650
8637
8350
1478
4055
7896
9861
4780
3155
8417
8639
4647
2105
7278
1804
8941
4706
1362
6159
6880
7260
3915
7977
1607
8562
4910
4243
7743
10797
2790
7877
6270
7420
10652
9287
8663
1771
6749
6314
5923
2714
10588
3035
9568
4977
8788
4933
9911
5430
2645
8841
9664
2710
10061
8005
7928
3726
5170
10627
2115
5519
3274
8211
1453
3532
4134
3272
3257
1548
2452
2767
7398
1133
4524
8826
4126
8786
7527
3201
9508
8579
2616
9458
7814
2696
8720
1977
8696
8497
1265
4536
1416
2803
4986
8476
2473
10317
5628
6293
5037
6635
10020
7496
5663
4666
6006
4009
10365
1409
1161
7558
8828
9122
10713
2511
3357
2113
5982
1006
8126
5375
5064
5466
2200
5381
3561
1001
10056
2627
1162
5500
8756
1128
7569
4724
9493
5815
10644
1146
8080
2345
10823
10069
9733
9037
3025
4419
9753
3047
10844
7383
5002
6936
9950
5060
2261
5103
9595
5042
8172
1649
7072
1510
2924
6926
6767
8926
9538
2508
4876
8006
6634
9507
8615
6334
8058
7043
3614
6101
4983
8383
9885
4636
2874
1826
6654
8727
4378
7770
6978
3416
9304
9880
6491
6173
5337
7133
5086
6141
9350
6980
1338
9977
8966
7120
8573
9482
1637
10952
5425
9649
1801
8381
8694
3690
1634
7607
5560
3788
5306
5326
1928
5593
2914
10082
3136
4286
3826
10319
2114
5013
5784
5348
2098
7968
8428
6693
6814
2059
1674
2925
8789
3670
7957
2414
4881
7019
8833
5039
2795
9146
8424
5543
5274
3871
3898
2351
9584
3551
10050
8249
10142
4074
5182
3492
10885
10068
6550
5167
1660
10770
3960
2227
10576
8411
8062
9888
4947
6287
1157
6473
2285
5187
9110
5290
9374
5301
7751
9466
9655
9004
1971
8270
4715
8141
4801
6797
3030
10747
4197
7116
8598
4263
5102
5624
10745
9547
10369
8650
4365
9943
3488
7891
5136
10388
4541
4623
8480
1773
3930
2483
10291
1319
5026
7482
3768
2921
10346
8470
10617
7455
1567
1794
3879
7970
3587
3940
1055
1100
9182
2453
7637
6161
3193
3049
2102
10503
4076
8827
9399
3043
7277
6823
5449
6493
7850
2250
8711
7964
2132
8997
6649
4092
6427
1782
5635
1020
10100
6203
2961
10255
1349
5799
4477
10782
1196
2563
3455
9937
9187
9862
5928
3604
9890
1889
8905
7416
3292
6900
3122
3445
10510
5344
7847
3837
1728
5698
1878
10275
2264
9489
1818
10332
8959
8566
6502
5453
9314
5901
2288
5696
9147
6606
7247
4954
5139
5304
6923
9944
1777
10277
10170
7290
9973
7392
9244
2871
4347
7129
3470
2538
1300
4991
1872
2195
10467
5199
10030
9006
10620
7929
6804
9927
2428
7039
1723
4168
4781
5450
4171
2066
7490
1177
2800
9456
4260
2023
8432
10702
7566
8725
9179
6376
2765
7438
7143
4010
10485
8601
1976
8042
6472
8026
4612
6515
1695
5715
7142
7530
1998
9695
6400
5547
4546
10949
10685
9781
3145
3384
7989
9301
3760
8963
9040
4629
7711
4639
8811
8525
7760
10905
1665
7396
2354
10766
6319
7998
7680
8518
8233
4879
1956
7085
3612
7192
2464
3263
3648
9429
7572
6742
10348
1315
9407
5432
8266
8656
2829
7520
7407
9197
2315
2817
5508
1118
6197
2505
6792
9718
9619
6999
2322
7822
1926
8329
3970
4863
7713
2632
10026
10604
1214
2177
6869
2675
8142
6204
6637
1532
7828
3344
3754
8170
9015
10725
5859
3339
5725
1000
8399
3071
3743
2039
6034
3420
4901
1526
2279
5330
6837
6291
2633
1195
1787
5023
2985
10273
10272
7643
9882
4175
1474
1713
8219
10391
5731
10293
10007
7063
2248
1132
7380
7244
10470
2411
1747
5116
9057
8885
9768
3283
3585
7440
7563
3602
7269
10475
9727
9191
3467
7052
9953
10111
3341
5763
3113
8299
8838
4643
3620
2271
5485
1063
2267
8929
8633
7426
1951
2366
8075
2609
9963
7750
7551
3817
5281
2859
4860
3482
9525
4473
5012
8458
1171
7114
8593
1074
2156
10833
2876
9981
9095
6703
6340
6056
2127
9474
1648
4372
8492
4004
7293
1628
6802
1593
4798
1740
8193
8529
6919
7375
10781
5758
5277
9451
9772
5945
4871
5766
1008
1623
2813
5995
7365
3761
3667
5032
10788
7472
5218
5640
10330
9476
10726
4956
7483
7798
7146
1222
5803
3244
2625
10035
7081
9307
3655
1617
4568
5172
8118
9455
5625
10696
3498
5650
6312
7758
9985
2233
9225
6041
4188
10858
6223
2036
10128
1990
7882
4799
2146
8468
2894
8060
10709
5831
3472
9201
10848
3007
10210
5444
9923
2782
3765
7736
2431
10680
9858
4864
7405
7435
4585
3374
2885
4838
10592
2602
9044
2752
8568
8911
7028
6342
2981
8551
4752
6407
10040
1760
4973
5656
10748
10817
9005
9485
6078
4848
3452
10784
5559
4767
7574
6628
3763
4102
4385
6100
1540
6942
3451
2118
3023
2708
9064
10712
1325
10004
9042
1448
9905
4124
6569
5025
9111
10323
6741
7531
10975
4346
6983
3747
6548
9522
6292
4839
5343
9800
1443
4470
6092
5985
3125
9827
8697
3089
10790
7299
9987
1070
4854
2005
3519
8544
1104
9820
6504
6698
4412
9580
6650
8271
3386
1611
5988
2516
9379
3330
2255
9089
9254
2240
4301
9222
6652
3097
2385
6676
8604
9398
2764
8571
1621
9137
10599
1498
1305
5522
10010
5056
1087
8859
8072
2357
10906
5748
9224
9601
9836
2072
3297
3558
6801
4686
4978
8202
3080
4212
1905
10366
8469
3988
1677
10711
2266
1630
10852
9242
10264
8888
1812
3597
5364
10341
5680
1164
4376
1505
9662
7005
5789
1314
7018
8530
1967
2864
4994
10547
5657
2275
9717
4388
1506
6725
1786
7410
6729
3769
7832
7995
9806
9250
8712
4655
6975
3865
4766
4113
10873
4646
3479
4695
9879
2630
10998
10048
6028
6048
10565
1566
3117
6022
5740
3836
3624
8967
5175
9072
6545
3051
10206
6874
9284
10178
1131
4944
4273
10086
8687
6367
7323
6715
5904
2562
8522
5051
8670
6598
3015
4693
1615
1240
10122
8041
6985
4592
4429
7604
4463
3232
7272
5919
3286
9347
1462
4311
6924
9811
5154
5838
7354
2576
10362
8408
7294
9055
3020
2844
6689
10285
2997
6882
3567
5641
2002
8917
9909
2410
8622
9448
8398
10046
4685
1005
7307
9802
4166
9929
8446
2898
10608
8814
1569
7909
2155
7829
2110
7622
5703
4657
8958
9396
9087
8570
9240
7568
3845
5711
9593
4450
5889
4479
9746
7044
6674
2860
9165
2015
6795
1390
2088
5434
3621
1209
9023
4397
3644
5424
4153
2440
9934
2442
3700
2045
2700
6055
4485
10031
3869
10412
6757
9529
5983
7621
2986
4931
2936
9000
7124
3782
1245
4825
10903
1270
1644
9931
10410
4802
5722
5948
4464
1693
8016
8191
6289
5028
3994
8548
10327
4101
3434
2612
4783
2362
6613
7065
10144
9558
9220
6446
5618
10556
3210
2841
1570
1101
4430
8267
3389
4029
7553
2392
6464
1165
8252
1258
9868
10501
10989
6514
4255
8421
2046
2679
7170
9952
4319
10554
5100
5856
7636
9425
6756
10305
8643
5194
8501
5475
6638
7302
4814
6025
9922
8217
3373
3390
5067
9049
5994
10473
5237
3108
5113
6120
7999
5719
3366
2478
5006
4941
9227
4509
10307
4380
7434
6153
1203
8714
7774
8688
1560
5953
7578
1202
2004
9320
6822
9732
7647
2091
9358
8553
6578
6653
1060
3850
5661
10416
10904
1148
3209
3172
2164
1225
10108
5843
3907
2697
5544
7796
8395
2201
2641
7848
4564
3309
2967
9876
5285
2420
9463
10234
10448
10924
1381
3990
1229
5431
9613
7608
6772
10223
5177
3838
7967
8609
4227
5476
8977
6739
9945
3706
6571
9060
1970
10326
3588
2142
3400
9045
9829
5597
1278
4394
3036
5743
6572
10681
7755
1234
9262
1366
8451
6343
3833
4039
6915
10969
3466
9969
1533
1802
10427
4597
6592
6856
8973
6211
9388
7002
2704
7466
1431
2603
1268
3823
9370
7709
3040
7659
2065
7660
1494
5860
7699
5007
9094
3167
3308
4349
2875
1360
5850
6164
10047
10355
10582
7495
8701
5926
10250
3713
10280
4070
8962
4877
2468
6895
8574
3060
4277
1406
8924
4588
7349
7378
2550
6722
4849
2131
10561
6799
6908
1718
10386
10671
1421
5660
8248
2218
9326
7895
1759
10070
8824
8496
8165
3234
9291
9305
7754
6260
1544
6762
8971
7092
6033
1933
2217
8742
7221
4700
1681
8140
5005
2971
2629
9232
8234
9043
1800
7864
4758
9488
7674
4143
8850
5164
7528
2244
5992
10258
5542
7638
10148
9026
9624
8293
5837
6360
7543
10153
7980
6053
7766
5999
1680
9591
3639
5243
1559
2911
5118
6627
1714
4234
3019
8731
3228
3376
9035
10313
5971
2016
5732
6519
8540
10335
2786
9294
1233
6916
9817
5714
5313
6094
3039
8274
1958
4791
1426
6696
7411
5800
4786
9365
7667
10876
4445
9741
5613
9515
10793
9397
8367
4145
4846
9754
1194
9171
7849
9436
6962
4543
1495
9059
4067
9603
6232
5813
6723
9530
8585
2151
7502
10886
2193
2349
10658
9245
9739
5979
8638
4717
2865
4866
9783
8189
6462
3379
8908
4559
6256
7110
5644
5759
4815
2169
6642
5271
6709
7327
1911
3012
1084
5861
10636
4898
6931
9656
9417
5915
9159
8338
2328
5922
1456
10667
7985
10666
1324
10639
2406
9536
6732
5865
2816
1111
1279
2346
5521
8364
2176
4626
6994
3564
10612
10137
2652
5690
4315
5259
9502
7954
9143
4616
4026
1025
3315
4539
8980
4431
10593
8558
7993
10429
5981
1356
6202
4086
2966
8073
8794
1624
6426
8186
8260
4097
7787
7678
6976
7308
6176
9478
4413
5097
4491
6368
1256
7926
8853
9844
1289
1810
5329
4156
6581
5222
10634
4245
3099
8784
2939
10693
9152
5518
4832
5534
1153
8278
4862
8673
3166
2476
6867
1081
10447
8858
10052
5483
6542
8668
4222
2842
1066
4252
6721
4374
3351
6961
9310
7390
1816
8990
2475
9562
5246
8649
7963
1334
4523
3786
10615
3635
4486
9711
1463
2773
1994
10091
2034
3305
3975
9790
5089
6714
8602
1950
6236
8376
9223
5851
7417
5538
9041
4782
6401
8316
1884
7185
1340
8053
6217
9645
8359
7023
1411
2501
8729
3184
8704
5219
1284
10109
4662
1183
8954
9582
7283
1856
9372
2231
3535
2403
4824
9703
4362
5934
6886
3674
7409
1082
6315
6791
10034
6947
5868
3630
8640
5570
7453
8991
2038
5615
4078
5808
2555
7951
10957
7384
6027
2807
6586
1470
8625
6707
3392
4305
6076
2665
10143
1085
5384
5541
4065
1894
5234
5646
7716
10490
8746
3824
2381
3872
10641
2158
6332
10477
10106
9576
9178
10241
10213
7769
1178
5062
2887
9974
7777
10054
9265
7912
10297
7913
3568
6326
9951
1017
10502
3749
10990
10337
3034
5047
5822
4843
8972
10695
6313
1903
9597
3395
4891
8375
1551
4114
5902
9916
9588
4048
8599
7228
4682
7696
9070
8318
5477
2673
2744
10458
1218
10107
8273
8050
2298
7771
6503
6609
7161
2935
4784
10043
9419
5072
7074
8730
2219
9312
6659
5853
9479
4963
4605
1286
2545
9629
9351
9635
7497
4185
4229
4723
5741
9686
4387
8578
9218
2084
3456
4079
1925
7010
3361
6764
5121
2687
8169
1954
6374
8300
1154
8698
1988
1825
7153
10120
6390
4772
7432
6067
6476
4186
5765
9145
4932
5611
7431
2309
1297
3701
9616
3177
1364
6810
5716
2905
10446
9968
4654
10622
7126
6632
4868
2013
1751
4308
8074
9924
4819
6198
8115
1839
4410
7781
3187
5186
8765
9074
3626
4964
7047
6163
10286
7582
2469
2923
9255
9549
4722
8086
9494
8876
6023
4041
8584
3684
8230
3739
1440
3888
6074
5832
8460
10101
6945
9067
6475
9169
10527
5242
10163
4379
2578
8988
10759
7059
2956
2374
8096
4367
2450
10822
9237
3953
1251
8004
1953
8655
3211
9964
1489
3124
8557
4896
9671
7665
7714
3637
3316
7091
3583
3325
4364
5537
10575
6459
10190
10078
10519
9957
4045
8523
3616
10539
3967
1768
5085
8892
2163
5729
4735
6453
1425
3418
4571
4878
6184
8871
10624
2945
7810
9506
1962
3067
2445
10062
5458
1363
8855
1904
9691
10569
5949
4414
9461
1626
7172
1651
10938
9258
6599
4760
4475
3513
9920
8033
3310
2909
4123
9751
7017
1032
3140
6513
6841
7742
8389
4478
6105
3952
5557
2259
1922
2014
8307
10968
1601
3889
3385
2761
1843
7648
7135
1373
1939
8733
4551
4934
4732
10407
7141
4298
10440
2947
9886
2089
10850
7855
10123
4395
4659
6893
8580
8763
4589
10393
1112
8761
5586
4713
7363
2658
1767
6547
5454
7163
9933
1689
3109
8583
7661
7825
6525
10238
6106
9895
6108
4484
9446
4537
8702
7174
1166
3509
9657
3435
1126
1643
3852
9918
7025
10188
1322
7919
7728
1654
3126
3185
9767
7336
1260
8195
5081
7402
7166
2332
5630
4928
10075
1412
3516
1909
1561
1039
6760
10832
4181
2663
1173
10497
10451
9322
1211
8709
6063
4501
3480
6850
10466
1276
10059
5490
2711
3779
9426
1455
8932
2542
2539
10308
2590
6020
10507
7925
2983
10526
2144
1182
3803
10146
4152
9127
10495
5962
8950
2280
10239
7448
10618
10356
6247
5046
1487
8653
3132
5592
1908
5996
7095
3149
7529
2965
7227
7949
5068
3147
8220
10147
10152
10871
9575
5241
10080
2699
3061
8436
3144
8910
4897
7639
3368
6853
9901
1207
4158
10287
1073
4471
10987
9355
7464
5972
2948
2342
2365
10094
7119
6873
5124
6071
7367
7809
10577
7560
7745
2289
3260
9332
4072
4339
7177
8891
5392
6561
2519
2561
10257
8760
7726
1031
1602
7250
5413
4965
8296
1303
9012
9338
9334
4302
7815
1867
6224
5078
1603
7475
1910
2133
8331
5782
1989
1420
6995
4003
2247
2085
6420
7439
8772
8975
2232
2053
9855
5688
4297
10331
9088
6392
4334
2938
3417
3382
3702
4683
6119
8268
5185
8018
3050
2459
10421
7266
2781
3631
3882
4976
10134
2270
4131
8283
10361
9647
5063
8846
6031
2565
10697
5531
5422
4847
8516
5024
9022
4204
4795
7707
5017
1432
7257
2192
6806
6375
5905
2690
8024
5639
7254
4399
1743
8205
3997
8168
6468
4755
7261
6641
1232
4935
10265
6851
9980
8184
10083
1639
2190
8472
9468
9915
6836
8798
7907
1174
1290
7264
3183
9346
9688
1632
7746
8056
2081
1556
1230
6169
2489
2564
7118
6803
2096
7509
6103
10500
8345
5652
3506
3977
10430
9080
10983
6970
9230
7804
5160
10520
8255
6820
5907
2952
10399
9249
2215
5190
6182
2514
2953
1451
10958
9269
1524
2537
4112
4579
8021
7664
6298
2485
3524
4756
8403
6536
8830
2993
7404
8695
5965
7099
5180
3196
5771
7360
9976
5805
7997
7022
8994
7653
3662
2996
7692
3887
7179
7565
3340
1188
6234
6135
2735
9148
3756
3048
7521
5201
1098
1774
9324
1228
3932
6075
4306
8965
7436
7122
8290
2330
4232
1113
3114
4157
7203
7897
4210
6278
7873
7611
9228
1504
8942
9487
3705
3903
5679
10900
2650
7106
4922
10660
10418
4517
10268
5402
1797
7186
5260
3996
8231
4548
2042
10002
5401
4738
3442
10583
4036
2919
4912
1402
6941
1099
4742
8654
9435
7385
7090
3181
2934
9628
5510
7816
3328
2598
9654
4538
6229
4625
5775
2580
3550
6451
8429
3968
2293
7048
9510
5566
5827
3958
10253
10151
9742
1587
7078
5764
7544
8102
8204
1736
1620
10729
7219
5354
8370
2901
2188
6333
1704
4162
4664
4875
3112
6469
10580
7034
7720
7739
8872
7138
2749
8441
1899
7274
8160
6274
10684
4416
4328
8001
5840
8877
10787
1335
3738
3336
7541
4550
3919
7216
2808
9439
3375
5578
10260
10916
8662
9523
4462
7598
2087
5582
3529
4456
6691
4053
8040
3148
9618
6560
7588
3180
10205
3200
4018
2311
5515
7204
6817
3029
1200
8287
6051
6748
1984
10714
9556
2666
7689
4099
6957
3022
9666
6673
5151
2606
1167
4937
10110
2400
1940
10572
9577
8157
5088
7080
8109
10338
8559
5357
2717
2209
9773
6711
6186
8265
1068
10454
3542
10845
7289
5777
4718
3059
5504
6463
1946
6678
4427
3942
8423
2027
4285
4011
9251
2421
8552
3332
2845
8484
1398
7330
5760
8337
8158
5263
6932
6349
7908
1465
7213
10935
1963
4357
3370
6747
3233
6147
4526
1119
8603
1823
10945
6977
5045
10774
8514
10240
9413
4184
3890
6740
4865
4997
6730
10162
9653
5654
10036
4993
1646
8486
8920
4198
3851
3397
9852
2055
6264
1298
9975
2242
7013
3102
5080
10389
8567
1405
6667
8144
1125
10993
3449
7377
2364
5075
10855
6080
8430
4730
3320
4203
6922
6413
8542
5158
8494
9919
10956
9202
5436
4217
5411
6114
6388
10363
4729
8758
8365
5773
9559
7386
10476
6524
1647
2671
2868
3269
9248
10224
5529
6437
1897
4527
8592
9871
3584
3537
3253
2502
4356
6616
4042
4670
4591
2843
4826
9725
1873
6982
8771
1444
3974
3961
3934
10940
8801
3966
5834
5555
5295
6580
9189
8210
4842
9303
4408
8685
9311
2780
1197
5691
9845
9140
3744
5643
5120
5279
1261
4553
3694
9090
9091
2648
10664
1829
2962
10076
4050
3912
4199
4216
7255
10918
8693
7965
6520
6045
4240
9954
9013
6761
3000
7057
1726
3078
2203
7232
2922
3249
2109
3056
5585
8533
8703
8930
4173
3082
6086
10579
3732
4675
5076
8563
1193
8242
6345
4502
4321
10104
10857
9734
5044
3554
1043
1864
1318
9092
6964
3886
8143
2504
2497
2378
10378
10564
6539
6187
2083
2619
4835
7868
10720
5487
1705
6286
6808
9144
2458
7592
10679
4381
2904
4434
5751
10978
9263
8645
1480
6384
7322
2494
3874
7710
9541
3900
9309
1275
9138
2725
6838
4404
1942
7670
2009
1663
9279
8228
1582
1342
6863
2840
3363
2763
6952
2771
9452
6955
5709
6122
7282
6782
9491
3866
7602
5461
5670
1981
4355
8595
1972
5556
8185
8455
8825
8009
5152
9062
2784
2238
4886
7583
2729
2957
3427
6582
5846
10461
5195
6085
9805
4008
6700
7176
3714
9884
10486
8535
10549
10309
3256
3204
9433
7226
9099
5514
3641
9401
6273
9778
6905
4249
4238
9563
7096
8030
1588
1819
5443
3957
7654
6474
2676
6372
9377
6104
7348
1650
5482
8723
7632
8232
1789
9117
9596
1749
10570
1605
5494
10772
3750
6381
10150
5796
9779
8051
2313
9422
7441
6737
2822
8940
6907
1537
8038
8943
5608
8391
3262
7352
2294
3822
5208
4851
4638
1827
3632
3277
6072
2858
4110
1399
5395
10986
2333
8652
3159
5115
1831
5433
3933
8085
7590
5016
5359
5035
10246
6263
6403
5858
4632
5648
1991
2092
5356
7797
1347
9699
1744
4309
9702
7944
5230
10081
5224
3687
7775
8536
6640
2943
3448
2048
6126
3072
5183
8066
5298
8474
9784
5349
9378
5101
5258
10364
5137
8880
7794
6267
7562
7101
1004
9891
3759
2806
5135
9570
10733
7468
9029
9766
5841
5809
4098
6622
1975
6482
4556
6554
7104
4348
5573
1955
7905
10756
2554
6179
3335
5704
8324
2975
5507
2430
9007
1820
4028
2512
6154
9658
5261
7388
5917
5404
10114
8327
2531
9306
2755
7198
5451
1535
8619
9121
9271
6818
10700
7901
10431
6142
8344
7930
3735
4359
5319
2012
6405
7238
4906
6412
3764
9330
4640
6262
8213
6408
1212
8881
3853
9622
3619
7197
10792
6226
6917
3545
3810
8677
5169
10791
9297
5816
7220
4620
1302
4127
1242
8200
6625
4174
3894
10459
1883
1454
5157
5370
2171
7918
5320
5882
5362
8092
2168
7121
6890
2526
9056
1223
5338
10230
6079
5061
4823
9028
5564
8700
5667
5456
10802
9971
5621
6662
6701
1003
9434
9660
5539
10754
10444
3893
1891
6506
10863
8203
5043
8099
3121
4294
9039
2376
5626
3038
4690
1562
7744
3275
7318
1216
2355
7164
10571
5108
9285
2593
6268
8953
1248
9819
4264
8098
9936
6840
8902
2575
10841
5961
4804
1691
5939
3528
6436
7205
3827
5668
4516
6636
9353
3675
7049
5153
8767
6012
4205
7191
2130
4062
2325
3001
10629
3129
3391
9961
1089
1592
5040
8225
7494
5148
10734
6972
2530
6933
7041
2377
2893
5269
8847
3064
10457
8351
2970
9697
2466
10225
8107
2656
8000
1108
7793
1793
8810
8706
2043
5191
1670
4894
2139
2809
9264
1391
4247
7700
1692
4731
8122
5247
2513
1662
1287
2451
3495
10551
7694
1999
2549
3119
2768
2360
5549
2646
4745
8803
1375
2811
6011
4049
1547
9939
5268
2978
4628
3789
3044
5073
5082
7618
1716
3534
10920
10988
2503
9368
10970
8998
5312
7860
3569
1862
3100
2237
7433
5880
5163
10690
3324
4703
5964
9913
6990
6904
6166
10016
10167
1770
10074
3818
4351
1935
8297
7202
10345
2915
3549
4469
5702
1121
10325
8884
4034
2963
6583
1863
9498
8964
5235
4451
1379
5546
8783
2129
8549
2574
5977
3151
2682
9084
5406
6380
10112
7312
1606
3547
6910
5781
9710
7461
6272
5744
4790
7652
9793
6175
3264
6738
10450
3613
10868
4327
9096
6348
5620
3459
3784
8159
1476
6576
1887
4214
2992
9093
3686
4023
9445
2637
8989
9803
8035
5498
2810
1712
10656
9052
10017
4446
10194
9162
8985
9899
5695
7239
8661
7861
7503
6152
4005
6387
9382
1927
4519
6139
6024
6993
8055
10992
9432
7500
2560
1979
4287
1053
4082
7184
2162
9907
3237
9720
2079
5825
6428
4030
9808
10670
2207
8681
3710
3796
8500
3939
9108
6912
5550
8087
2742
3746
2760
1077
7701
10456
8836
6325
8856
3485
5793
6857
2814
7332
3502
5415
9840
7789
3197
6712
1676
1785
4377
3285
6361
3725
4900
6736
2968
5316
4844
4820
9168
2654
1599
1308
6118
8396
3680
6621
10256
9982
7859
10525
3563
8133
4012
8708
10718
6276
5600
7727
10220
7303
1849
9825
6336
3998
4689
8616
2866
8762
9573
2116
10300
6726
2926
9932
3218
8491
5767
7823
5386
10099
10226
1618
7273
10943
1724
5015
9077
6997
5105
6144
7922
1739
1520
2460
3666
2837
2581
3959
1721
10118
1702
7446
2140
2701
2077
4578
6921
6133
9053
10735
8022
8258
1437
9253
2307
1698
3720
10786
2371
2230
10999
7457
7399
3411
2405
1151
6935
10514
9687
3290
3854
8773
4955
5580
1479
1568
8550
4754
6456
9617
3938
8921
5941
3033
2847
2634
1840
8173
1473
7284
6001
5276
6040
7610
9967
8263
1576
1186
2794
5892
9194
10262
1382
2026
7395
4276
5854
1850
3031
9553
3592
10704
4176
3856
2479
10183
6355
9638
2678
1557
6145
1079
6630
9678
10559
4725
5594
6927
4196
7480
4763
9302
3956
6279
6351
5811
5505
5701
4534
9585
3858
9757
10402
5390
5066
10403
8792
8129
10116
8565
10187
6775
5721
6450
2273
6483
6660
5299
2182
5619
9199
4818
2260
5368
1852
7942
1836
4497
8308
3358
3429
8596
6695
7131
8059
4200
3235
1447
7800
1116
2397
5532
10409
9728
6949
7241
3712
10367
2836
10270
9236
9581
8346
3671
1016
5712
8404
7449
1538
4566
10498
7463
2441
8285
1762
4719
7479
5129
10944
3825
3176
4656
5376
4572
3505
7516
3010
8433
6658
2170
2028
3313
10060
4223
8419
6745
3987
1333
5836
2556
5127
9177
8027
10811
6414
6123
6773
6157
9423
7316
10284
9184
3086
1521
9548
10898
5052
9058
2959
2873
7361
10269
6939
1097
1336
9709
8235
6415
8561
6007
3214
7585
3248
1027
4409
9602
6383
3189
4831
7854
3173
6511
8511
3623
7960
6901
10292
2236
6629
4180
5681
8721
6008
3457
1339
9955
2157
7584
6940
5145
2147
3941
5192
6099
2747
2674
8804
6181
9999
3963
1054
2422
3255
4021
4006
7889
7858
7506
5604
5030
2111
8744
10472
2412
5130
2384
10505
9566
2061
2000
9210
2447
2154
8236
10742
2628
8317
7887
9850
9731
10794
10902
4833
6793
6018
1257
8807
8582
10201
6134
5575
1285
2659
3709
5779
9644
10271
3175
10417
2589
8319
9339
5009
10221
5705
7697
2409
6824
2892
9336
1914
10663
6227
3885
2718
6370
1814
6377
6324
3868
5353
3800
10229
10157
5911
7152
10541
2335
9134
5776
8333
9574
10029
3510
8282
2741
9677
10354
9069
9534
4224
10767
3406
1019
1642
2370
9762
8063
6552
10512
10721
2184
6350
8247
2927
10741
8355
8822
2693
7842
1357
10301
10340
10574
3723
2194
10861
7817
7471
8288
5576
5231
5633
9376
9034
9740
4708
6180
1158
4088
10214
5511
2883
5144
8883
5143
7617
6898
9589
6934
2804
4236
8374
10716
1266
9335
4425
10442
5141
6353
1803
2358
3518
2344
2509
10191
1094
9801
9921
6046
5325
1424
4384
2211
4389
3790
8644
8505
8094
3229
4292
5010
5525
3730
4170
5131
5903
10967
2863
8025
2123
5943
9787
10233
1710
10259
1155
8845
3586
4291
3226
6991
5717
1359
10294
7187
4622
1353
9316
10237
10598
2998
3876
3240
8607
2189
2331
4031
8906
6146
3556
6686
7834
9605
1370
3806
7452
10672
10804
2942
6971
2278
1512
10888
5753
6311
3605
7539
6341
9796
10488
4303
7140
9849
10701
7878
6495
8380
2691
5099
9729
6066
2433
7291
5664
2743
5499
6162
8481
7344
5993
3178
5054
10140
4396
2068
8076
4841
9393
10962
10018
10830
5041
1845
7338
4590
10428
1795
5114
3640
10979
5414
6566
9528
4142
5188
4344
1669
5823
2879
8520
3523
7382
8409
1513
2878
9648
8672
9383
8805
6568
10464
3224
6834
1205
8986
8944
1376
8564
1296
1061
3077
5252
2272
9107
8686
3152
4542
8251
1865
1500
6950
7368
4974
3190
7428
6769
1037
9680
6623
8795
7542
10065
2600
6269
10462
10333
1458
1307
4057
8987
6643
6294
8312
3673
9170
9527
1010
4452
