1000
1165
1567
1962
1679
1169
1216
1362
1171
1614
1536
1533
1168
1623
1065
1040
1381
1463
1532
1528
1024
1322
1681
1511
1643
1387
1214
1999
1605
1981
1610
1803
1246
1706
1722
1393
1009
1947
1694
1611
1488
1882
1748
1109
1914
1170
1299
1367
1451
1638
1149
1346
1257
1310
1728
1372
1814
1716
1604
1425
1214
1989
1402
1987
1593
1229
1205
1636
1172
1463
1876
1925
1498
1298
1221
1073
1714
1257
1535
1361
1764
1380
1685
1216
1276
1375
1133
1568
1445
1133
1209
1024
1417
1683
1557
1186
1730
1274
1153
1646
1151
1195
1970
1974
1778
1621
1816
1750
1789
1716
1054
1619
1639
1372
1361
1708
1026
1272
1824
1598
1537
1673
1931
1828
1128
1104
1934
1610
1122
1624
1926
1944
1855
1263
1736
1394
1044
1715
1743
1160
1475
1065
1247
1367
1873
1601
1749
1544
1157
1037
1827
1820
1582
1322
1374
1154
1550
1845
1223
1840
1152
1813
1009
1558
1460
1683
1758
1208
1077
1895
1698
1606
1484
1159
1236
1646
1531
1586
1317
1239
1956
1864
1967
1179
1988
1269
1507
1361
1680
1159
1004
1111
1500
1564
1835
1225
1607
1912
1789
1609
1574
1988
1017
1636
1243
1191
1536
1546
1146
1146
1097
1725
1758
1605
1773
1851
1277
1020
1580
1867
1863
1700
1523
1006
1146
1456
1729
1948
1940
1586
1193
1210
1476
1956
1555
1093
1000
1051
1835
1811
1661
1559
1374
1659
1737
1198
1034
1160
1162
1897
1993
1098
1736
1750
1635
1723
1588
1313
1249
1765
1761
1995
1614
1799
1692
1255
1236
1657
1771
1855
1263
1493
1371
1657
1882
1071
1221
1474
1063
1145
1400
1539
1883
1854
1372
1717
1249
1114
1190
1452
1888
1898
1605
1479
1760
1798
1809
1850
1090
1260
1097
1051
1230
1043
1323
1729
1834
1363
1377
1905
1236
1134
1176
1811
1422
1500
1378
1377
1546
1110
1287
1098
1863
1139
1772
1238
1018
1635
1881
1365
1438
1217
1443
1722
1136
1170
1208
1958
1850
1031
1203
1270
1455
1973
1360
1927
1572
1117
1128
1024
1746
1035
1880
1846
1714
1499
1331
1387
1908
1683
1374
1209
1498
1918
1812
1817
1827
1396
1422
1626
1058
1423
1536
1042
1644
1128
1960
1045
1821
1147
1517
1094
1680
1412
1106
1861
1045
1513
1094
1250
1595
1351
1272
1008
1820
1189
1540
1656
1981
1309
1838
1105
1830
1712
1319
1132
1596
1650
1813
1863
1123
1446
1371
1318
1887
1666
1828
1339
1606
1903
1144
1812
1126
1530
1090
1186
1321
1896
1146
1554
1026
1476
1174
1044
1559
1007
1329
1320
1324
1005
1124
1427
1406
1544
1271
1577
1587
1392
1430
1591
1651
1362
1700
1192
1152
1972
1137
1663
1049
1536
1919
1845
1212
1101
1330
1571
1887
1352
1207
1652
1205
1253
1213
1642
1787
1469
1114
1930
1834
1533
1299
1983
1012
1178
1192
1019
1563
1409
1000
1184
1849
1698
1839
1314
1105
1656
1579
1191
1104
1542
1800
1026
1862
1082
1541
1852
1061
1128
1924
1912
1884
1142
1765
1218
1303
1854
1567
1240
1541
1812
1352
1283
1354
1337
1172
1328
1813
1460
1936
1206
1864
1012
1804
1381
1788
1206
1962
1966
1598
1304
1892
1835
1925
1078
1934
1430
1954
1204
1403
1349
1367
1336
1740
1543
1281
1413
1452
1543
1166
1295
1361
1109
1623
1093
1588
1840
1443
1202
1265
1053
1475
1088
1151
1301
1969
1525
1670
1370
1003
1656
1593
1434
1224
1134
1694
1135
1468
1227
1346
1776
1358
1505
1386
1041
1372
1084
1985
1436
1904
1655
1725
1550
1720
1043
1754
1422
1059
1115
1068
1735
1731
1720
1500
1229
1583
1111
1484
1971
1633
1650
1545
1900
1863
1371
1156
1597
1559
1755
1730
1954
1393
1525
1126
1372
1079
1787
1101
1131
1635
1396
1991
1313
1653
1611
1933
1848
1119
1511
1325
1627
1271
1121
1415
1396
1931
1690
1502
1139
1589
1464
1536
1712
1765
1515
1998
1188
1235
1406
1446
1187
1746
1858
1089
1229
1512
1852
1865
1163
1584
1061
1176
1714
1694
1204
1590
1223
1548
1766
1784
1169
1428
1769
1153
1577
1008
1138
1930
1832
1502
1380
1736
1105
1943
1926
1825
1460
1852
1591
1698
1110
1020
1840
1966
1015
1934
1031
1527
1965
1827
1891
1696
1841
1682
1526
1513
1561
1776
1990
1142
1910
1840
1848
1643
1316
1204
1382
1904
1550
1544
1291
1629
1496
1451
1165
1857
1336
1826
1897
1894
1811
1706
1052
1292
1744
1257
1408
1421
1461
1696
1048
1513
1957
1902
1475
1009
1459
1598
1807
1940
1222
1446
1356
1582
1106
1205
1661
1471
1849
1425
1823
1983
1267
1123
1645
1397
1781
1930
1689
1273
1240
1926
1185
1608
1726
1965
1582
1113
1164
1108
1003
1121
1062
1509
1570
1948
1549
1832
1371
1014
1133
1097
1382
1796
1705
1909
1204
1140
1883
1224
1802
1876
1549
1817
1826
1564
1125
1013
1697
1038
1285
1697
1685
1783
1100
1356
1857
1291
1259
1091
1166
1674
1744
1045
1962
1983
1172
1460
1508
1090
1986
1614
1243
1172
1179
1961
1265
1906
1582
1421
1661
1869
1842
1913
1953
1307
1987
1148
1189
1784
1605
1620
1950
1868
1040
1619
1789
1055
1230
1051
1433
1843
1555
1523
1209
1292
1670
1226
1126
1017
1471
1875
1749
1373
1056
1784
1187
1280
1332
1198
1018
1754
1211
1293
1905
1559
1414
1726
1791
1577
1190
1550
1102
1542
1652
1301
1102
1701
1428
1245
1146
1970
1802
1350
1761
1416
1785
1798
1770
1060
1977
1043
1179
1046
1098
1036
1236
1200
1543
1205
1349
1154
1207
1912
1698
1266
1821
1499
1074
1434
1474
1649
1524
1004
1523
1061
1117
1195
1027
1995
1458
1153
1882
1114
1110
1742
1794
1667
1390
1981
1807
1215
1235
1141
1690
1847
1901
1073
1057
1264
1382
1872
1586
1465
1803
1373
1207
1456
1831
1920
1894
1432
1616
1785
1745
1743
1898
1360
1034
1159
1454
1010
