1000
1620
1449
1814
1727
1207
1405
1478
1141
1949
1606
1357
1017
1336
1446
1994
1228
1109
1318
1102
1328
1955
1082
1930
1989
1669
1173
1215
1624
1874
1080
1668
1456
1334
1629
1042
1636
1475
1267
1915
1160
1362
1075
1653
1744
1793
1433
1548
1030
1581
1863
1166
1044
1965
1885
1200
1645
1097
1490
1920
1387
1819
1542
1464
1561
1560
1709
1704
1966
1537
1220
1031
1575
1079
1746
1469
1400
1454
1970
1049
1562
1254
1667
1975
1087
1004
1759
1756
1644
1538
1175
1000
1015
1520
1407
1856
1723
1179
1241
1032
1931
1096
1859
1100
1899
1657
1367
1452
1118
1351
1944
1826
1148
1689
1872
1808
1613
1041
1052
1617
1139
1795
1608
1209
1162
1479
1804
1481
1403
1926
1597
1912
1311
1748
1576
1150
1959
1339
1556
1203
1252
1218
1438
1465
1605
1192
1216
1140
1077
1072
1178
1973
1745
1154
1371
1845
1022
1984
1488
1005
1177
1546
1924
1152
1489
1090
1535
1725
1420
1755
1558
1566
1925
1978
1149
1981
1340
1279
1741
1083
1204
1078
1530
1655
1388
1199
1098
1580
1445
1335
1035
1073
1864
1980
1111
1638
1517
1961
1616
1195
1825
1894
1047
1033
1292
1498
1040
1330
1662
1593
1879
1320
1423
1936
1302
1278
1770
1642
1990
1147
1735
1986
1890
1610
1962
1760
1590
1194
1871
1342
1159
1182
1991
1733
1363
1127
1749
1513
1607
1873
1836
1527
1743
1205
1534
1806
1752
1578
1297
1013
1011
1142
1711
1470
1251
1099
1095
1649
1648
1277
1474
1531
1938
1971
1502
1145
1587
1935
1921
1583
1014
1344
1391
1415
1857
1799
1319
1839
1586
1443
1180
1191
1728
1630
1455
1463
1574
1784
1007
1239
1891
1747
1025
1408
1778
1171
1565
1236
1107
1720
1805
1765
1651
1995
1065
1840
1714
1069
1659
1125
1982
1841
1290
1451
1450
1282
1656
1068
1372
1627
1422
1698
1570
1138
1427
1523
1972
1974
1131
1402
1332
1333
1174
1231
1579
1338
1074
1688
1356
1983
1034
1373
1019
1771
1830
1283
1868
1436
1817
1114
1113
1705
1263
1480
1681
1802
1734
1997
1364
1123
1412
1062
1577
1550
1410
1860
1713
1544
1393
1027
1953
1008
1609
1300
1156
1119
1919
1137
1009
1225
1359
1887
1934
1559
1907
1545
1310
1081
1020
1091
1787
1029
1595
1503
1512
1700
1355
1702
1957
1187
1133
1807
1048
1781
1706
1906
1397
1500
1691
1164
1596
1911
1948
1671
1466
1406
1992
1248
1801
1751
1245
1486
1230
1411
1208
1853
1695
1625
1519
1886
1246
1315
1144
1050
1557
1851
1276
1956
1375
1939
1271
1188
1811
1039
1221
1256
1360
1441
1722
1444
1430
1988
1882
1349
1085
1202
1673
1304
1764
1193
1515
1394
1435
1399
1652
1268
1076
1306
1696
1273
1424
1185
1270
1172
1686
1775
1901
1249
1908
1611
1115
1687
1554
1739
1914
1197
1226
1526
1824
1382
1060
1779
1963
1265
1903
1264
1721
1769
1854
1352
1622
1813
1870
1462
1985
1341
1237
1679
1385
1066
1313
1504
1599
1414
1165
1213
1768
1792
1847
1551
1573
1884
1018
1905
1641
1167
1053
1442
1788
1390
1758
1703
1803
1861
1071
1618
1233
1683
1026
1262
1326
1056
1619
1108
1898
1571
1676
1169
1038
1782
1116
1987
1777
1129
1181
1229
1211
1126
1888
1511
1823
1284
1016
1773
1591
1867
1501
1240
1380
1940
1682
1409
1495
1910
1532
1467
1754
1604
1964
1105
1201
1235
1812
1294
1524
1507
1585
1505
1742
1732
1877
1666
1822
1401
1923
1796
1163
1661
1640
1243
1298
1786
1539
1635
1331
1285
1448
1855
1592
1726
1321
1740
1432
1404
1086
1815
1067
1365
1222
1483
1492
1369
1287
1063
1794
1858
1828
1051
1299
1730
1103
1347
1631
1598
1865
1301
1643
1413
1680
1307
1767
1943
1707
1977
1093
1494
1345
1384
1224
1510
1124
1130
1693
1674
1615
1663
1437
1499
1601
1358
1198
1260
1933
1772
1439
1134
1850
1361
1960
1514
1473
1046
1477
1791
1484
1509
1525
1670
1190
1158
1010
1829
1291
1862
1951
1059
1757
1296
1376
1717
1843
1594
1809
1602
1132
1724
1658
1212
1023
1421
1849
1844
1214
1876
1715
1002
1528
1831
1842
1417
1712
1650
1343
1633
1206
1106
1196
1117
1567
1736
1646
1143
1346
1821
1798
1186
1927
1383
1482
1979
1378
1678
1506
1021
1293
1183
1761
1518
1639
1710
1852
1969
1904
1588
1623
1774
1037
1308
1555
1135
1928
1789
1837
1536
1998
1543
1418
1660
1232
1323
1327
1272
1729
1753
1947
1280
1153
1568
1628
1942
1370
1485
1261
1810
1846
1881
1913
1827
1058
1379
1832
1120
1255
1848
1061
1797
1892
1553
1672
1184
1954
1916
1820
1529
1603
1950
1664
1564
1324
1621
1800
1516
1286
1084
1045
1918
1057
1541
1996
1428
1398
1024
1833
1316
1626
1227
1312
1552
1902
1783
1958
1647
1250
1790
1569
1088
1976
1716
1155
1136
1354
1325
1003
1632
1818
1731
1210
1471
1540
1281
1064
1468
1070
1337
1816
1101
1429
1389
1694
1266
1258
1835
1288
1508
1055
1457
1223
1234
1932
1584
1909
1274
1128
1993
1168
1614
1929
1001
1425
1634
1161
1176
1967
1453
1151
1612
1766
1459
1461
1600
1269
1897
1690
1350
1242
1257
1094
1396
1476
1189
1866
1582
1834
1838
1440
1036
1289
1763
1491
1219
1883
1447
1750
1366
1012
1572
1247
1419
1309
1699
1589
1472
1521
1922
1006
1386
1547
1028
1348
1104
1496
1675
1685
1395
1893
1880
1718
1549
1146
1377
1238
1945
1738
1431
1329
1434
1896
1952
1665
1259
1426
1253
1533
1112
1110
1999
1244
1121
1303
1684
1317
1314
1737
1762
1353
1381
1708
1697
1677
1780
1937
1497
1895
1875
1295
1889
1878
1416
1275
1392
1043
1493
1460
1946
1089
1092
1122
1170
1322
1522
1776
1368
1654
1785
1458
1563
1305
1869
1217
1054
1900
1941
1157
1917
1637
1692
1374
1719
1487
1968
1701
