1000
1012
1017
1030
1045
1046
1055
1062
1078
1092
1094
1102
1107
1112
1116
1134
1138
1145
1156
1169
1187
1205
1214
1226
1236
1245
1247
1266
1283
1297
1313
1315
1332
1334
1353
1370
1386
1406
1413
1421
1441
1444
1455
1463
1480
1500
1514
1524
1542
1547
1553
1562
1578
1581
1594
1612
1615
1623
1632
1638
1650
1658
1676
1679
1690
1694
1713
1718
1735
1751
1753
1768
1769
1779
1784
1790
1791
1805
1810
1814
1815
1832
1838
1844
1848
1866
1867
1876
1896
1897
1913
1920
1926
1932
1936
1947
1958
1968
1974
1986
1996
1998
2000
2016
2022
2037
2045
2062
2065
2069
2074
2090
2094
2106
2122
2129
2140
2146
2151
2157
2170
2176
2189
2209
2224
2239
2252
2268
2283
2289
2304
2308
2315
2318
2334
2343
2351
2353
2358
2373
2389
2399
2406
2412
2432
2435
2454
2457
2474
2488
2502
2517
2527
2542
2549
2559
2573
2575
2583
2596
2602
2618
2624
2630
2632
2636
2645
2661
2669
2674
2686
2693
2696
2715
2734
2754
2755
2760
2772
2774
2789
2795
2807
2814
2821
2826
2831
2850
2870
2873
2874
2880
2897
2899
2911
2917
2931
2939
2949
2959
2969
2973
2986
2998
3007
3021
3031
3043
3054
3066
3074
3085
3098
3103
3109
3121
3130
3147
3153
3168
3185
3190
3205
3210
3215
3216
3218
3228
3235
3238
3257
3259
3267
3280
3300
3309
3329
3338
3343
3355
3371
3374
3390
3406
3411
3422
3425
3445
3461
3474
3492
3497
3508
3520
3527
3530
3542
3561
3572
3578
3585
3594
3614
3616
3620
3623
3640
3649
3654
3669
3679
3692
3695
3709
3716
3722
3728
3747
3749
3753
3758
3772
3773
3776
3782
3802
3814
3822
3834
3838
3856
3874
3893
3900
3904
3919
3937
3955
3963
3966
3972
3983
3987
4003
4020
4035
4038
4051
4069
4075
4077
4084
4085
4101
4110
4123
4137
4148
4163
4165
4181
4194
4214
4227
4236
4255
4258
4267
4280
4288
4296
4303
4308
4328
4346
4362
4382
4390
4410
4411
4417
4432
4447
4453
4461
4473
4480
4485
4487
4492
4505
4507
4513
4515
4524
4528
4541
4543
4561
4567
4584
4599
4609
4611
4620
4626
4634
4654
4656
4676
4692
4704
4705
4719
4721
4729
4748
4758
4760
4775
4786
4802
4819
4824
4836
4849
4868
4887
4901
4911
4914
4926
4930
4936
4938
4942
4962
4982
4994
5010
5015
5021
5033
5044
5060
5069
5072
5073
5091
5111
5118
5132
5133
5143
5163
5172
5173
5184
5195
5211
5219
5231
5239
5243
5260
5270
5272
5281
5290
5309
5316
5326
5328
5333
5351
5357
5366
5381
5401
5421
5441
5451
5464
5472
5487
5490
5497
5512
5518
5537
5555
5567
5575
5580
5597
5617
5628
5644
5662
5665
5684
5699
5714
5727
5731
5749
5758
5764
5766
5774
5789
5805
5817
5823
5840
5844
5859
5868
5885
5890
5908
5920
5923
5941
5947
5959
5975
5983
6003
6016
6032
6037
6051
6070
6090
6107
6119
6125
6128
6139
6142
6150
6156
6158
6163
6165
6174
6191
6193
6210
6229
6240
6250
6258
6259
6260
6264
6270
6288
6301
6312
6320
6338
6353
6358
6364
6376
6378
6395
6408
6426
6434
6435
6453
6471
6488
6491
6502
6510
6519
6536
6556
6570
6585
6594
6599
6610
6624
6640
6660
6676
6691
6699
6719
6725
6729
6732
6752
6768
6770
6771
6780
6783
6798
6810
6823
6828
6843
6858
6867
6872
6874
6892
6895
6909
6915
6928
6947
6967
6970
6980
6986
6995
7000
7006
7008
7028
7042
7060
7078
7092
7103
7122
7133
7147
7155
7174
7186
7201
7203
7208
7210
7213
7231
7234
7239
7245
7260
7265
7279
7282
7285
7291
7293
7298
7308
7316
7321
7322
7327
7333
7335
7355
7369
7377
7379
7392
7397
7399
7413
7432
7449
7460
7462
7482
7487
7498
7504
7510
7530
7550
7565
7575
7585
7597
7613
7629
7649
7659
7678
7685
7700
7709
7720
7724
7725
7745
7751
7761
7781
7798
7804
7818
7833
7838
7842
7862
7874
7875
7893
7904
7917
7925
7927
7930
7943
7955
7967
7985
7993
8001
8002
8010
8019
8023
8029
8037
8055
8059
8061
8074
8080
8099
8108
8123
8142
8150
8154
8169
8174
8179
8184
8186
8199
8206
8218
8231
8247
8261
8263
8279
8292
8309
8311
8331
8349
8362
8379
8396
8404
8424
8428
8444
8452
8457
8461
8479
8493
8508
8525
8530
8535
8545
8557
8573
8585
8597
8608
8613
8630
8635
8652
8655
8662
8674
8683
8699
8714
8718
8727
8741
8755
8757
8765
8775
8793
8808
8828
8832
8846
8850
8862
8864
8877
8887
8891
8898
8912
8917
8919
8930
8947
8962
8981
9000
9005
9024
9030
9031
9050
9058
9066
9079
9080
9093
9102
9116
9132
9134
9141
9146
9149
9168
9182
9193
9204
9215
9223
9239
9249
9261
9271
9274
9278
9279
9285
9293
9295
9303
9314
9324
9337
9348
9362
9366
9382
9383
9399
9400
9414
9418
9431
9434
9451
9455
9472
9473
9488
9504
9522
9537
9539
9554
9574
9591
9611
9631
9634
9648
9654
9669
9678
9698
9700
9719
9725
9728
9737
9745
9752
9767
9775
9788
9790
9805
9811
9828
9840
9843
9858
9875
9876
9885
9896
9901
9914
9931
9937
9948
9959
9971
9987
10004
10006
10026
10044
10046
10056
10075
10077
10091
10104
10109
10111
10127
10142
10156
10160
10173
10175
10190
10206
10217
10219
10228
10230
10233
10235
10239
10246
10254
10272
10280
10288
10296
10314
10318
10330
10342
10358
10367
10372
10391
10407
10423
10426
10432
10442
10452
10456
10459
10465
10473
10488
10490
10496
10499
10504
10514
10527
10541
10558
10574
10586
10602
10621
10639
10649
10669
10672
10677
10679
10686
10695
10712
10726
10746
10765
10779
10780
10787
10795
10806
10817
10824
10842
10862
10882
10902
10914
10917
10929
10944
10951
10954
10973
10989
11001
11013
11026
11044
11056
11058
11061
11069
11085
11101
11113
11131
11145
11148
11154
11172
11183
11187
11207
11214
11216
11235
11253
11254
11267
11270
11283
11286
11305
11308
11309
11323
11343
11350
11360
11362
11378
11398
11400
11417
11424
11437
11446
11457
11461
11473
11479
11492
11500
11517
11522
11530
11533
11537
11553
11560
11578
11584
11588
11598
11601
11603
11616
11624
11630
11642
11657
11668
11671
11681
11691
11702
11708
11715
11735
11755
11767
11771
11776
11790
11810
11824
11829
11830
11842
11858
11874
11877
11889
11901
11908
11916
11918
11931
11940
11947
11956
11976
11995
12003
12014
12019
12030
12042
12051
12071
12085
12105
12119
12130
12134
12140
12151
12171
12175
12185
12187
12193
12204
12209
12224
12235
12253
12267
12282
12291
12305
12321
12325
12337
12353
12369
12379
12394
12403
12413
12427
12442
12453
12454
12463
12482
12496
12506
12510
12529
12532
12534
12536
12554
12570
12580
12593
12600
12601
12607
12616
12629
12635
12651
12653
12657
12675
12685
12692
12703
12706
12722
12734
12746
12765
12778
12796
12800
12819
12825
12835
12850
12866
12870
12882
12890
12892
12912
12928
12930
12946
12954
12956
12974
12992
12997
13002
13020
13038
13039
13055
13059
13061
13070
13077
13083
13090
13092
13093
13104
13114
13129
13136
13144
13159
13164
13179
13186
13192
13202
13211
13213
13216
13227
13243
13251
13261
13281
13296
13316
13317
13328
13336
13354
13360
13368
13385
13396
13406
13408
13417
13425
13436
13439
13442
13457
13467
13474
13481
13484
13495
13496
13509
13518
13528
13545
13563
13576
13594
13610
13626
13635
13650
13654
13671
13689
13691
13707
13718
13730
13748
13765
13775
13779
13791
13798
13804
13824
13827
13839
13858
13863
13881
13901
13919
13938
13946
13959
13973
13985
13987
13996
14007
14015
14021
14031
14045
14048
14056
14071
14085
14086
14097
14100
14109
14121
14125
14141
14144
14153
14166
14176
14195
14214
14219
14224
14241
14251
14253
14264
14276
14279
14289
14298
14311
14323
14325
14344
14356
14366
14378
14382
14390
14399
14409
14419
14427
14431
14443
14457
14468
14477
14491
14508
14523
14526
14528
14546
14547
14559
14569
14572
14576
14595
14613
14622
14635
14638
14649
14667
14686
14699
14704
14721
14725
14745
14749
14768
14784
14798
14818
14831
14842
14846
14852
14864
14884
14901
14910
14919
14939
14945
14962
14978
14997
15015
15024
15030
15048
15060
15075
15093
15113
15126
15131
15142
15161
15166
15183
15193
15211
15212
15222
15232
15239
15257
15259
15271
15291
15307
15318
15324
15327
15341
15343
15346
15350
15351
15354
15366
15382
15398
15405
15423
15438
15449
15463
15477
15482
15486
15487
15497
15502
15510
15513
15531
15545
15562
15573
15580
15593
15613
15625
15627
15640
15660
15672
15674
15676
15692
15701
15714
15730
15746
15753
15759
15770
15774
15775
15790
15807
15818
15835
15847
15864
15879
15887
15907
15927
15939
15945
15946
15958
15964
15970
15974
15978
15992
16008
16025
16027
16033
16039
16059
16069
16076
16091
16105
16115
16131
16134
16136
16142
16160
16167
16169
16173
16188
16193
16211
16214
16231
16242
16252
16254
16263
16269
16282
16294
16309
16312
16316
16332
16338
16349
16354
16366
16370
16390
16393
16403
16411
16412
16413
16429
16443
16454
16468
16471
16483
16500
16520
16532
16535
16542
16544
16560
16580
16582
16585
16595
16602
16606
16611
16613
16626
16638
16651
16666
16671
16686
16700
16712
16725
16726
16732
16740
16760
16778
16783
16791
16796
16803
16809
16812
16827
16846
16852
16855
16863
16883
16894
16912
16930
16933
16936
16951
16954
16974
16993
17002
17011
17018
17028
17047
17060
17063
17064
17074
17086
17094
17110
17114
17130
17133
17141
17158
17166
17169
17189
17208
17223
17232
17246
17262
17281
17283
17302
17304
17312
17330
17337
17348
17349
17364
17379
17398
17411
17422
17424
17438
17443
17447
17459
17479
17489
17499
17506
17511
17516
17519
17534
17540
17559
17561
17567
17568
17572
17583
17586
17592
17595
17602
17614
17617
17621
17640
17650
17655
17660
17670
17685
17694
17713
17723
17730
17731
17738
17739
17745
17759
17778
17786
17801
17818
17819
17820
17830
17831
17842
17860
17867
17884
17894
17895
17914
17917
17919
17937
17948
17953
17959
17978
17995
17999
18005
18016
18035
18055
18064
18081
18099
18102
18111
18131
18136
18148
18165
18169
18176
18196
18216
18232
18240
18251
18265
18270
18280
18289
18291
18306
18312
18322
18327
18347
18357
18365
18367
18379
18391
18399
18401
18415
18428
18429
18445
18449
18452
18460
18462
18473
18476
18485
18493
18506
18520
18531
18541
18559
18575
18589
18593
18607
18615
18623
18635
18636
18654
18663
18676
18687
18693
18698
18715
18730
18750
18754
18757
18766
18778
18793
18807
18817
18827
18844
18864
18870
18881
18897
18911
18921
18935
18953
18963
18975
18977
18981
18992
19010
19012
19020
19022
19029
19045
19055
19059
19079
19091
19108
19116
19118
19124
19137
19143
19160
19161
19180
19184
19185
19187
19196
19207
19216
19224
19231
19238
19239
19255
19260
19269
19284
19290
19292
19298
19312
19327
19329
19346
19363
19374
19378
19396
19403
19405
19413
19423
19436
19445
19454
19460
19461
19464
19478
19495
19498
19509
19513
19533
19545
19551
19559
19574
19578
19592
19604
19616
19625
19644
19659
19665
19680
19689
19702
19710
19711
19712
19725
19739
19742
19762
19767
19782
19791
19801
19802
19815
19830
19847
19865
19878
19881
19890
19895
19898
19917
19929
19935
19950
19970
19985
19999
20010
20017
20035
20044
20054
20059
20060
20076
20078
20097
20104
20118
20119
20134
20137
20138
20157
20159
20174
20175
20179
20194
20211
20225
20237
20240
20241
20254
20274
20292
20297
20303
20304
20313
20331
20346
20356
20368
20386
20394
20402
20408
20427
20442
20456
20461
20474
20486
20498
20500
20506
20523
20527
20546
20551
20571
20586
20604
20618
20637
20644
20658
20672
20691
20694
20714
20731
20740
20753
20758
20759
20763
20782
20790
20807
20821
20839
20848
20868
20881
20883
20901
20912
20929
20945
20948
20958
20971
20984
20990
21002
21017
21033
21042
21060
21068
21074
21079
21099
21103
21111
21117
21131
21142
21144
21157
21176
21185
21203
21209
21226
21245
21256
21273
21275
21283
21295
21303
21319
21323
21328
21336
21352
21358
21363
21381
21384
21387
21395
21397
21403
21423
21434
21435
21445
21454
21466
21467
21471
21473
21486
21487
21491
21511
21521
21536
21539
21556
21559
21563
21564
21571
21589
21596
21602
21605
21617
21622
21635
21642
21649
21652
21671
21689
21706
21718
21735
21748
21765
21769
21781
21783
21796
21800
21811
21815
21826
21828
21840
21851
21870
21881
21900
21915
21917
21933
21939
21948
21961
21973
21975
21977
21995
22000
22020
22033
22037
22053
22056
22071
22074
22084
22093
22102
22118
22124
22141
22161
22181
22190
22198
22200
22214
22234
22239
22256
22257
22270
22284
22299
22305
22325
22328
22345
22364
22367
22374
22387
22392
22404
22411
22431
22447
22458
22478
22482
22484
22504
22507
22518
22522
22528
22532
22550
22560
22574
22593
22599
22610
22613
22633
22644
22650
22662
22679
22689
22705
22716
22726
22728
22741
22746
22750
22751
22756
22758
22766
22774
22782
22800
22819
22839
22848
22863
22871
22889
22903
22905
22913
22921
22926
22942
22953
22961
22965
22981
22993
22996
22998
23006
23007
23009
23026
23045
23060
23077
23088
23107
23125
23143
23149
23159
23166
23170
23190
23207
23214
23224
23234
23238
23242
23260
23269
23273
23291
23302
23312
23322
23333
23337
23343
23356
23367
23368
23376
23391
23410
23419
23435
23452
23453
23455
23461
23468
23483
23502
23514
23534
23545
23552
23561
23577
23596
23597
23617
23635
23638
23642
23647
23653
23666
23669
23672
23673
23675
23678
23692
23697
23706
23720
23736
23745
23749
23751
23771
23774
23775
23792
23808
23816
23825
23845
23859
23868
23881
23883
23896
23898
23902
23910
23919
23934
23952
23955
23971
23986
23993
24000
24019
24020
24038
24049
24069
24076
24082
24101
24117
24131
24149
24168
24185
24196
24202
24213
24219
24221
24227
24243
24248
24259
24268
24269
24284
24299
24314
24323
24342
24358
24365
24372
24378
24390
24398
24411
24430
24438
24452
24466
24473
24486
24503
24515
24516
24524
24534
24554
24574
24578
24587
24590
24593
24601
24619
24635
24637
24647
24663
24664
24667
24670
24679
24698
24712
24732
24742
24749
24764
24776
24779
24799
24807
24810
24820
24823
24826
24841
24846
24864
24883
24886
24899
24911
24917
24923
24925
24937
24946
24963
24978
24979
24993
24994
25011
25015
25024
25042
25055
25059
25060
25069
25089
25101
25114
25121
25137
25140
25160
25169
25186
25202
25208
25216
25234
25240
25252
25272
25279
25280
25289
25308
25328
25331
25332
25346
25362
25366
25368
25374
25377
25388
25406
25420
25440
25455
25467
25478
25486
25501
25508
25524
25530
25541
25559
25562
25567
25574
25586
25594
25603
25613
25617
25629
25638
25643
25662
25665
25677
25678
25695
25700
25702
25705
25711
25731
25739
25753
25768
25780
25782
25784
25790
25801
25811
25817
25833
25846
25857
25877
25894
25907
25925
25937
25947
25966
25977
25983
25990
26008
26016
26019
26020
26031
26044
26055
26061
26067
26071
26078
26079
26092
26099
26107
26110
26115
26131
26139
26145
26147
26163
26167
26175
26181
26189
26190
26199
26217
26225
26240
26250
26266
26280
26282
26298
26307
26321
26330
26332
26334
26341
26343
26356
26374
26388
26389
26408
26415
26417
26425
26426
26437
26443
26454
26465
26478
26486
26500
26506
26508
26527
26530
26537
26555
26567
26573
26590
26601
26609
26627
26632
26639
26655
26662
26667
26674
26680
26685
26693
26706
26712
26725
26735
26738
26752
26756
26774
26790
26801
26802
26808
26825
26843
26858
26867
26883
26884
26891
26899
26911
26914
26918
26936
26944
26947
26957
26960
26973
26977
26982
26994
27011
27021
27039
27051
27064
27069
27083
27095
27102
27116
27131
27145
27155
27162
27177
27191
27205
27222
27234
27249
27267
27276
27281
27295
27298
27301
27315
27333
27347
27354
27360
27371
27378
27386
27388
27404
27422
27441
27458
27475
27485
27493
27505
27522
27529
27547
27556
27575
27585
27594
27602
27607
27622
27623
27641
27652
27658
27666
27680
27689
27699
27712
27718
27724
27740
27759
27779
27797
27811
27829
27837
27847
27848
27862
27870
27878
27893
27901
27918
27936
27955
27964
27979
27986
27988
28000
28006
28009
28023
28027
28041
28051
28060
28080
28084
28099
28116
28130
28133
28148
28168
28177
28183
28200
28218
28234
28243
28261
28281
28291
28294
28300
28316
28327
28330
28332
28345
28354
28358
28364
28372
28375
28386
28387
28401
28402
28420
28427
28433
28448
28456
28471
28491
28509
28512
28519
28536
28548
28551
28558
28564
28566
28570
28581
28587
28601
28621
28626
28636
28654
28668
28670
28676
28678
28694
28705
28710
28720
28729
28745
28754
28772
28773
28788
28795
28813
28828
28844
28846
28859
28875
28886
28905
28908
28925
28927
28938
28942
28955
28959
28979
28996
29010
29021
29033
29052
29057
29063
29081
29099
29110
29125
29133
29144
29153
29172
29189
29205
29213
29224
29228
29246
29255
29269
29282
29295
29305
29312
29323
29338
29349
29362
29366
29382
29402
29413
29418
29426
29436
29445
29457
29476
29480
29484
29497
29502
29513
29522
29542
29544
29547
29564
29584
29595
29600
29608
29610
29627
29630
29641
29652
29671
29681
29684
29689
29693
29705
29707
29712
29725
29726
29727
29739
29749
29768
29774
29783
29799
29807
29815
29817
29819
29836
29849
29850
29853
29863
29874
29876
29887
29889
29909
29912
29927
29945
29961
29974
29984
29995
29996
30011
30030
30038
30045
30053
30057
30067
30076
30087
30104
30106
30114
30121
30129
30135
30140
30153
30165
30173
30179
30188
30202
30205
30209
30218
30231
30241
30242
30258
30267
30269
30276
30283
30293
30297
30307
30314
30330
30336
30338
30355
30371
30372
30380
30393
30412
30422
30436
30443
30451
30468
30487
30495
30514
30525
30534
30540
30551
30553
30567
30583
30599
30602
30607
30613
30632
30645
30647
30667
30673
30691
30695
30713
30723
30733
30744
30760
30778
30779
30780
30800
30802
30818
30837
30849
30863
30871
30876
30894
30913
30919
30922
30937
30954
30964
30966
30980
30981
30994
31003
31013
31032
31035
31048
31066
31080
31096
31115
31116
31132
31139
31143
31145
31150
31152
31154
31156
31159
31172
31187
31206
31208
31217
31232
31238
31242
31261
31269
31273
31293
31309
31310
31329
31337
31357
31371
31380
31400
31409
31418
31434
31439
31446
31462
31479
31481
31490
31502
31514
31526
31539
31554
31556
31566
31569
31571
31573
31582
31592
31599
31604
31617
31635
31653
31662
31678
31681
31691
31699
31702
31711
31720
31733
31750
31762
31772
31791
31811
31823
31824
31828
31830
31849
31861
31879
31891
31893
31904
31905
31923
31933
31934
31949
31964
31980
31987
31992
31994
31999
32001
32002
32017
32028
32039
32055
32059
32063
32082
32100
32103
32113
32126
32143
32148
32151
32152
32166
32169
32185
32197
32204
32224
32231
32250
32255
32262
32265
32279
32287
32297
32312
32321
32336
32341
32354
32358
32375
32386
32405
32418
32426
32428
32435
32449
32452
32454
32458
32472
32474
32492
32494
32513
32529
32532
32540
32556
32573
32577
32597
32602
32607
32619
32635
32646
32649
32652
32655
32659
32671
32679
32690
32710
32720
32736
32738
32743
32759
32775
32780
32786
32794
32814
32828
32829
32830
32842
32847
32854
32868
32878
32883
32887
32898
32901
32915
32921
32930
32944
32947
32966
32985
32996
33014
33031
33043
33045
33052
33059
33078
33087
33090
33102
33104
33117
33133
33146
33158
33167
33181
33182
33188
33196
33209
33225
33245
33257
33261
33267
33272
33278
33281
33289
33305
33307
33325
33329
33334
33349
33362
33376
33383
33403
33405
33417
33437
33441
33442
33458
33467
33473
33485
33500
33514
33519
33522
33527
33542
33546
33557
33560
33579
33590
33598
33606
33622
33634
33641
33644
33650
33663
33672
33690
33707
33719
33735
33743
33760
33777
33792
33796
33815
33823
33827
33840
33842
33853
33872
33876
33893
33895
33910
33913
33918
33925
33932
33948
33965
33969
33989
33999
34010
34014
34024
34025
34031
34051
34062
34064
34067
34072
34077
34084
34089
34101
34117
34133
34151
34155
34171
34182
34195
34204
34206
34220
34234
34240
34259
34279
34298
34301
34321
34340
34353
34355
34363
34380
34390
34410
34411
34428
34430
34450
34451
34458
34475
34495
34506
34511
34515
34523
34532
34551
34561
34563
34574
34583
34594
34597
34616
34634
34645
34652
34656
34669
34673
34689
34707
34715
34731
34744
34758
34763
34780
34785
34794
34805
34819
34834
34853
34856
34858
34868
34872
34884
34900
34917
34937
34939
34943
34945
34959
34960
34967
34981
34983
34985
34997
35011
35025
35034
35045
35051
35056
35059
35075
35083
35092
35110
35117
35137
35152
35165
35184
35198
35202
35213
35215
35228
35229
35239
35243
35259
35273
35293
35306
35320
35325
35333
35334
35346
35348
35350
35368
35382
35401
35412
35417
35427
35432
35447
35460
35473
35481
35491
35508
35509
35529
35545
35551
35566
35574
35588
35599
35608
35623
35635
35655
35674
35691
35701
35706
35717
35735
35748
35750
35756
35776
35790
35806
35813
35825
35837
35857
35858
35865
35873
35881
35882
35898
35905
35923
35926
35940
35955
35968
35982
35996
36011
36016
36017
36026
36042
36056
36076
36081
36087
36099
36116
36123
36138
36143
36155
36174
36189
36191
36203
36207
36212
36227
36229
36243
36252
36260
36279
36296
36300
36313
36324
36336
36339
36340
36353
36371
36372
36379
36387
36400
36418
36436
36447
36456
36467
36475
36477
36495
36514
36532
36552
36563
36565
36576
36591
36597
36614
36621
36622
36638
36642
36651
36668
36672
36685
36689
36696
36705
36712
36720
36734
36743
36761
36771
36775
36791
36803
36817
36823
36827
36835
36843
36853
36860
36880
36900
36909
36917
36930
36945
36958
36969
36982
36989
36992
36999
37015
37025
37037
37040
37045
37052
37066
37068
37076
37086
37093
37101
37113
37130
37133
37136
37139
37156
37175
37195
37197
37198
37200
37216
37233
37245
37259
37277
37280
37300
37316
37334
37342
37346
37364
37375
37391
37401
37412
37414
37425
37438
37442
37461
37475
37478
37488
37499
37509
37515
37533
37549
37555
37570
37580
37592
37594
37600
37614
37621
37635
37648
37661
37670
37688
37695
37712
37732
37746
37757
37774
37775
37795
37812
37818
37829
37842
37862
37881
37900
37915
37924
37942
37944
37962
37982
37999
38004
38009
38015
38032
38043
38054
38068
38073
38079
38098
38101
38112
38124
38137
38141
38142
38149
38162
38164
38167
38181
38189
38196
38216
38219
38236
38245
38260
38278
38286
38288
38297
38304
38310
38322
38335
38350
38357
38369
38386
38397
38416
38435
38443
38456
38458
38460
38470
38477
38483
38490
38493
38503
38522
38527
38530
38533
38534
38551
38556
38566
38580
38582
38592
38612
38620
38621
38629
38643
38661
38668
38678
38695
38707
38711
38719
38736
38756
38760
38762
38766
38769
38775
38793
38795
38803
38805
38825
38833
38851
38862
38877
38883
38887
38889
38890
38893
38895
38901
38912
38920
38923
38931
38951
38970
38990
39005
39018
39026
39034
39045
39047
39056
39063
39068
39081
39101
39108
39110
39130
39146
39154
39170
39189
39203
39216
39219
39239
39244
39253
39262
39263
39267
39284
39291
39294
39311
39320
39337
39338
39355
39361
39378
39385
39392
39395
39414
39415
39424
39428
39431
39441
39446
39462
39478
39498
39503
39512
39520
39523
39525
39530
39550
39561
39567
39575
39592
39610
39617
39630
39641
39644
39654
39659
39673
39677
39692
39711
39719
39734
39736
39740
39747
39760
39779
39792
39808
39820
39829
39845
39849
39868
39877
39883
39903
39910
39911
39930
39945
39950
39954
39968
39983
40000
40020
40025
40042
40051
40056
40063
40083
40095
40106
40124
40142
40153
40173
40178
40180
40197
40209
40212
40219
40222
40233
40252
40265
40282
40294
40312
40323
40340
40352
40368
40380
40393
40406
40415
40418
40430
40443
40463
40478
40496
40508
40518
40527
40538
40549
40552
40566
40586
40605
40618
40636
40637
40648
40659
40663
40667
40677
40694
40714
40730
40735
40747
40761
40766
40777
40791
40794
40795
40809
40823
40841
40851
40868
40877
40890
40905
40914
40919
40923
40941
40950
40959
40970
40976
40990
40998
41004
41005
41007
41015
41019
41034
41047
41048
41068
41069
41076
41080
41082
41092
41110
41118
41132
41148
41163
41173
41191
41194
41196
41204
41217
41234
41235
41253
41264
41270
41289
41294
41299
41312
41315
41335
41352
41354
41362
41367
41379
41397
41402
41405
41415
41418
41426
41438
41445
41459
41478
41480
41499
41514
41518
41530
41548
41554
41569
41577
41590
41599
41611
41616
41635
41648
41662
41677
41692
41699
41718
41734
41740
41758
41768
41777
41790
41795
41798
41799
41815
41835
41849
41867
41877
41886
41888
41897
41905
41922
41932
41935
41955
41974
41993
42007
42009
42017
42029
42044
42060
42073
42091
42095
42098
42101
42106
42115
42124
42125
42141
42148
42150
42159
42161
42178
42198
42217
42236
42245
42253
42264
42269
42272
42288
42306
42312
42319
42321
42330
42331
42340
42360
42361
42377
42380
42397
42406
42425
42426
42427
42447
42449
42454
42467
42473
42484
42504
42516
42520
42525
42526
42532
42533
42549
42563
42568
42586
42595
42614
42621
42631
42645
42648
42658
42671
42673
42681
42688
42704
42720
42734
42742
42745
42753
42765
42784
42789
42796
42811
42827
42836
42839
42853
42872
42881
42882
42889
42899
42908
42910
42925
42938
42942
42950
42970
42978
42996
43014
43028
43031
43045
43064
43082
43102
43106
43109
43126
43144
43154
43159
43163
43174
43192
43207
43226
43230
43237
43255
43256
43259
43263
43273
43276
43283
43301
43311
43315
43330
43334
43352
43357
43363
43370
43377
43382
43392
43412
43428
43431
43447
43463
43482
43497
43517
43523
43528
43543
43550
43566
43569
43582
43595
43598
43615
43619
43629
43645
43661
43672
43684
43693
43694
43705
43712
43721
43732
43747
43748
43762
43767
43770
43778
43785
43797
43806
43810
43816
43819
43839
43844
43848
43860
43864
43876
43890
43902
43915
43923
43932
43942
43961
43963
43969
43972
43979
43991
43993
43994
44008
44023
44034
44039
44047
44060
44064
44082
44087
44094
44102
44117
44132
44145
44157
44164
44166
44182
44200
44220
44234
44243
44246
44251
44254
44267
44281
44287
44307
44308
44309
44317
44337
44356
44359
44373
44389
44397
44402
44415
44423
44441
44442
44462
44463
44473
44483
44503
44512
44523
44533
44553
44563
44574
44583
44591
44610
44613
44630
44650
44662
44670
44679
44696
44698
44699
44717
44719
44735
44740
44743
44755
44760
44770
44786
44790
44796
44798
44803
44815
44822
44842
44862
44877
44879
44894
44897
44911
44931
44947
44963
44971
44988
45005
45008
45012
45013
45029
45048
45056
45066
45077
45081
45088
45090
45094
45111
45130
45139
45140
45149
45159
45170
45179
45199
45204
45214
45221
45241
45252
45267
45270
45278
45298
45303
45315
45318
45337
45356
45359
45378
45383
45394
45398
45413
45416
45418
45437
45444
45455
45470
45475
45494
45507
45515
45527
45542
45546
45565
45576
45595
45610
45627
45638
45653
45669
45682
45684
45685
45686
45705
45707
45712
45727
45732
45736
45742
45761
45768
45774
45792
45808
45824
45844
45853
45858
45874
45887
45904
45907
45913
45920
45926
45938
45946
45948
45968
45981
45998
46010
46014
46023
46026
46038
46050
46065
46077
46092
46107
46124
46136
46145
46148
46157
46159
46169
46177
46185
46196
46202
46215
46217
46232
46247
46264
46268
46275
46279
46284
46300
46317
46331
46342
46352
46366
46382
46383
46397
46410
46421
46427
46439
46448
46449
46466
46477
46478
46487
46494
46511
46515
46525
46539
46558
46562
46574
46591
46600
46612
46613
46630
46645
46660
46661
46662
46682
46690
46692
46707
46721
46726
46744
46748
46758
46759
46768
46773
46778
46797
46811
46812
46824
46839
46844
46860
46879
46888
46900
46914
46916
46935
46948
46958
46975
46993
47011
47025
47036
47053
47068
47082
47092
47094
47105
47118
47131
47132
47147
47151
47169
47183
47195
47203
47208
47225
47242
47250
47265
47266
47271
47279
47297
47314
47317
47325
47329
47334
47352
47370
47384
47401
47421
47430
47445
47451
47463
47474
47491
47501
47511
47520
47534
47552
47570
47578
47594
47604
47621
47628
47629
47638
47658
47664
47680
47684
47699
47705
47707
47715
47716
47725
47745
47755
47765
47774
47793
47797
47815
47824
47826
47837
47841
47850
47869
47881
47882
47893
47900
47905
47918
47936
47949
47960
47962
47972
47989
48000
48003
48013
48029
48043
48054
48057
48069
48072
48088
48105
48121
48128
48129
48141
48161
48179
48186
48191
48207
48219
48230
48239
48254
48270
48280
48286
48298
48302
48305
48320
48321
48336
48349
48353
48355
48371
48377
48392
48398
48412
48431
48442
48446
48448
48461
48477
48496
48510
48524
48534
48547
48566
48575
48577
48584
48590
48599
48607
48612
48621
48630
48650
48655
48669
48677
48681
48691
48696
48708
48720
48734
48745
48760
48765
48781
48785
48802
48816
48818
48822
48835
48843
48861
48871
48874
48889
48895
48907
48913
48931
48933
48953
48972
48974
48976
48993
49007
49011
49022
49029
49034
49048
49054
49068
49071
49086
49097
49104
49115
49130
49135
49143
49158
49174
49178
49197
49207
49222
49231
49234
49243
49261
49271
49287
49304
49321
49332
49333
49340
49341
49345
49362
49368
49385
49392
49393
49407
49416
49418
49434
49449
49464
49475
49478
49488
49498
49509
49515
49527
49543
49549
49550
49556
49564
49573
49587
49600
49612
49620
49639
49653
49663
49674
49693
49701
49702
49722
49734
49751
49770
49786
49799
49801
49806
49811
49830
49843
49862
49871
49879
49893
49900
49905
49911
49920
49938
49942
49961
49980
50000
50009
50023
50038
50045
50064
50065
50069
50072
50075
50085
50090
50110
50117
50119
50139
50159
50166
50184
50204
50211
50212
50213
50224
50232
50252
50254
50266
50275
50290
50302
50310
50329
50332
50344
50345
50365
50367
50383
50397
50398
50411
50422
50429
50430
50444
50445
50457
50467
50469
50472
50492
50510
50523
50535
50536
50552
50560
50574
50578
50593
50595
50611
50624
50630
50640
50655
50664
50669
50689
50704
50723
50731
50736
50747
50754
50774
50791
50802
50818
50829
50845
50858
50870
50878
50879
50881
50900
50918
50919
50927
50931
50943
50945
50949
50953
50964
50973
50981
50992
50996
51002
51015
51032
51041
51042
51043
51053
51058
51074
51082
51096
51113
51118
51127
51131
51134
51136
51154
51171
51185
51186
51198
51210
51229
51249
51267
51287
51302
51321
51339
51348
51357
51365
51370
51376
51394
51411
51412
51432
51437
51438
51450
51465
51468
51469
51479
51489
51500
51507
51516
51520
51525
51533
51540
51550
51553
51556
51561
51573
51588
51597
51600
51602
51617
51637
51638
51648
51657
51672
51677
51696
51712
51718
51723
51736
51742
51761
51765
51780
51797
51804
51819
51838
51840
51848
51858
51877
51887
51899
51910
51918
51927
51934
51944
51950
51954
51972
51979
51982
51993
52004
52023
52027
52030
52049
52057
52070
52079
52090
52102
52115
52126
52143
52150
52154
52174
52194
52203
52218
52236
52247
52265
52269
52281
52290
52301
52303
52317
52325
52338
52346
52357
52367
52387
52406
52420
52423
52431
52449
52465
52484
52498
52509
52511
52512
52532
52534
52547
52550
52556
52571
52574
52577
52586
52606
52607
52624
52634
52652
52654
52665
52684
52688
52705
52718
52727
52733
52752
52753
52759
52766
52782
52784
52787
52794
52814
52825
52826
52833
52848
52861
52880
52888
52903
52913
52922
52937
52945
52965
52979
52992
52994
53001
53020
53030
53034
53041
53057
53071
53083
53091
53102
53103
53118
53119
53131
53142
53152
53164
53166
53177
53186
53202
53212
53213
53219
53236
53241
53255
53257
53270
53273
53278
53292
53294
53301
53307
53323
53341
53348
53364
53372
53386
53389
53408
53428
53429
53437
53450
53459
53463
53469
53483
53497
53505
53523
53541
53559
53563
53571
53575
53579
53589
53606
53624
53644
53646
53666
53681
53685
53699
53704
53711
53715
53731
53733
53737
53738
53744
53757
53760
53775
53780
53794
53798
53813
53814
53829
53833
53848
53857
53869
53877
53893
53899
53909
53923
53925
53935
53949
53969
53981
53984
54003
54017
54020
54023
54042
54056
54072
54073
54088
54106
54107
54120
54135
54136
54145
54154
54173
54193
54205
54220
54221
54239
54259
54263
54281
54288
54293
54295
54299
54310
54314
54318
54326
54329
54344
54347
54348
54355
54360
54373
54389
54401
54402
54406
54419
54435
54445
54464
54465
54485
54491
54501
54509
54510
54530
54546
54554
54571
54576
54594
54613
54627
54644
54663
54683
54697
54699
54709
54726
54743
54756
54774
54775
54789
54803
54807
54808
54826
54835
54855
54869
54877
54889
54906
54918
54922
54941
54955
54970
54984
54992
55012
55024
55038
55047
55062
55066
55082
55096
55100
55116
55128
55136
55141
55145
55148
55156
55165
55168
55175
55190
55210
55229
55249
55256
55270
55276
55285
55286
55290
55305
55310
55323
55330
55338
55353
55371
55372
55381
55393
55401
55402
55405
55418
55435
55448
55457
55466
55477
55483
55499
55515
55522
55527
55539
55553
55560
55561
55564
55582
55589
55595
55603
55613
55631
55633
55645
55654
55658
55676
55679
55691
55695
55711
55731
55743
55753
55754
55758
55769
55778
55791
55809
55822
55838
55840
55859
55879
55897
55915
55919
55933
55934
55949
55959
55973
55980
55983
55991
55999
56016
56034
56053
56069
56077
56096
56098
56099
56101
56121
56137
56145
56157
56173
56185
56189
56201
56217
56225
56234
56246
56258
56269
56274
56277
56279
56299
56303
56315
56316
56334
56352
56361
56367
56373
56388
56392
56394
56413
56424
56439
56457
56464
56472
56478
56498
56517
56527
56541
56553
56564
56583
56587
56596
56598
56614
56616
56636
56653
56661
56664
56671
56683
56703
56707
56725
56745
56757
56765
56771
56788
56801
56813
56828
56839
56858
56874
56882
56890
56903
56911
56919
56933
56941
56957
56969
56981
56996
57016
57021
57028
57029
57034
57038
57046
57047
57060
57080
57097
57102
57122
57142
57156
57160
57166
57183
57189
57198
57206
57221
57230
57246
57255
57262
57279
57296
57303
57323
57326
57334
57349
57360
57375
57392
57410
57424
57427
57441
57445
57461
57471
57473
57489
57504
57512
57524
57543
57555
57574
57583
57586
57605
57613
57615
57627
57634
57651
57665
57682
57700
57712
57721
57741
57748
57764
57770
57775
57794
57800
57819
57830
57839
57848
57851
57859
57873
57885
57896
57912
57930
57939
57944
57964
57984
58002
58006
58023
58037
58050
58063
58068
58078
58095
58101
58116
58123
58127
58135
58141
58151
58165
58172
58185
58200
58212
58213
58230
58241
58244
58253
58269
58286
58304
58312
58323
58335
58340
58355
58361
58380
58392
58398
58416
58420
58432
58439
58445
58462
58466
58471
58483
58499
58514
58521
58530
58546
58547
58553
58556
58570
58588
58604
58613
58622
58625
58631
58648
58667
58686
58687
58693
58708
58709
58729
58749
58760
58764
58778
58794
58796
58813
58831
58849
58853
58854
58867
58882
58893
58900
58906
58908
58919
58923
58941
58947
58961
58968
58975
58994
59003
59014
59027
59033
59038
59046
59057
59060
59076
59085
59092
59105
59119
59128
59129
59143
59145
59156
59171
59187
59205
59218
59226
59244
59255
59268
59275
59285
59295
59304
59318
59332
59343
59349
59369
59384
59402
59409
59426
59437
59441
59456
59466
59478
59490
59506
59522
59532
59534
59535
59545
59556
59571
59574
59581
59583
59585
59604
59616
59621
59638
59646
59652
59672
59674
59680
59681
59683
59699
59702
59717
59725
59728
59741
59759
59766
59774
59787
59802
59821
59824
59828
59838
59850
59852
59862
59868
59869
59872
59873
59880
59896
59916
59917
59922
59931
59947
59964
59966
59975
59986
60004
60021
60028
60037
60048
60067
60085
60088
60104
60121
60139
60151
60159
60163
60176
60193
60203
60219
60232
60239
60248
60254
60264
60284
60285
60298
60315
60330
60340
60352
60354
60369
60373
60385
60397
60416
60425
60441
60458
60477
60497
60511
60525
60545
60560
60569
60585
60605
60619
60636
60656
60661
60669
60671
60684
60686
60696
60702
60707
60717
60718
60722
60739
60759
60775
60793
60807
60826
60827
60839
60842
60857
60872
60880
60888
60902
60909
60920
60934
60954
60969
60985
60993
61005
61008
61009
61018
61030
61044
61063
61071
61072
61074
61079
61088
61096
61099
61110
61129
61131
61146
61151
61157
61170
61187
61189
61195
61208
61210
61218
61229
61237
61241
61260
61280
61289
61305
61325
61332
61346
61356
61372
61374
61376
61393
61407
61415
61416
61425
61439
61453
61469
61488
61493
61509
61526
61527
61536
61551
61562
61574
61575
61588
61607
61613
61633
61635
61645
61652
61665
61683
61691
61711
61725
61729
61742
61752
61769
61775
61790
61806
61812
61820
61825
61843
61848
61860
61876
61889
61893
61911
61928
61934
61945
61956
61973
61988
61992
62004
62009
62010
62030
62033
62045
62048
62064
62065
62066
62073
62086
62093
62106
62125
62136
62151
62157
62159
62168
62172
62186
62196
62204
62211
62221
62228
62235
62254
62260
62279
62280
62300
62315
62319
62338
62343
62356
62375
62378
62385
62392
62405
62411
62412
62419
62422
62441
62454
62456
62471
62483
62484
62498
62503
62504
62508
62524
62527
62534
62539
62556
62557
62571
62588
62594
62614
62628
62644
62652
62662
62677
62696
62707
62719
62734
62740
62750
62769
62783
62787
62791
62800
62806
62821
62822
62827
62832
62845
62856
62876
62881
62901
62907
62920
62938
62941
62954
62958
62966
62967
62979
62996
63000
63004
63014
63015
63018
63032
63040
63058
63061
63076
63077
63091
63108
63127
63144
63156
63157
63170
63190
63196
63205
63222
63240
63246
63249
63256
63275
63286
63296
63308
63328
63336
63355
63371
63390
63392
63407
63423
63443
63448
63459
63478
63482
63489
63503
63509
63510
63515
63521
63538
63540
63555
63570
63575
63589
63602
63605
63616
63632
63651
63666
63683
63687
63707
63713
63731
63751
63770
63781
63794
63806
63823
63836
63856
63864
63884
63898
63908
63911
63927
63947
63955
63967
63975
63991
63997
64013
64029
64032
64050
64053
64064
64071
64082
64092
64101
64109
64127
64137
64154
64155
64158
64175
64191
64206
64208
64225
64240
64260
64272
64279
64291
64306
64321
64330
64339
64356
64366
64374
64381
64390
64399
64400
64410
64425
64438
64452
64468
64475
64478
64483
64501
64520
64526
64536
64553
64558
64576
64578
64584
64585
64590
64599
64601
64604
64605
64613
64629
64646
64666
64672
64675
64676
64693
64713
64724
64727
64728
64746
64747
64760
64777
64795
64801
64818
64822
64837
64848
64860
64870
64871
64873
64884
64897
64913
64918
64921
64931
64943
64957
64976
64989
65003
65013
65018
65030
65044
65049
65053
65063
65083
65095
65096
65114
65133
65142
65162
65173
65177
65194
65212
65231
65245
65262
65264
65277
65283
65286
65302
65314
65321
65336
65350
65359
65379
65386
65388
65397
65403
65422
65423
65441
65442
65461
65480
65491
65499
65515
65529
65549
65555
65557
65576
65589
65609
65629
65636
65646
65655
65667
65686
65702
65717
65725
65741
65744
65759
65763
65776
65789
65802
65822
65829
65834
65839
65855
65856
65862
65870
65876
65878
65881
65886
65905
65914
65927
65938
65950
65967
65979
65998
66014
66016
66030
66031
66033
66045
66055
66069
66082
66094
66096
66106
66116
66135
66152
66168
66180
66191
66211
66215
66235
66243
66255
66271
66280
66285
66286
66296
66314
66323
66328
66340
66346
66349
66354
66365
66371
66384
66386
66392
66402
66422
66430
66450
66455
66458
66463
66471
66479
66492
66505
66521
66522
66526
66539
66554
66572
66586
66597
66603
66608
66624
66627
66632
66634
66651
66656
66663
66673
66687
66695
66709
66712
66722
66727
66744
66755
66757
66774
66777
66780
66782
66797
66799
66804
66821
66832
66841
66845
66858
66874
66881
66893
66896
66897
66905
66912
66922
66929
66939
66951
66958
66975
66982
67002
67009
67019
67022
67035
67053
67054
67058
67067
67068
67087
67089
67103
67104
67117
67128
67129
67133
67148
67162
67174
67188
67205
67218
67226
67240
67257
67272
67284
67300
67316
67332
67338
67340
67351
67356
67358
67376
67395
67411
67418
67419
67420
67427
67445
67461
67476
67481
67489
67494
67497
67508
67516
67529
67537
67542
67554
67557
67572
67578
67583
67600
67617
67632
67635
67650
67661
67679
67685
67686
67690
67692
67703
67721
67741
67751
67763
67781
67798
67813
67817
67825
67829
67842
67858
67870
67875
67883
67887
67905
67924
67935
67941
67957
67975
67987
68006
68024
68043
68050
68070
68077
68085
68097
68106
68121
68136
68153
68166
68170
68185
68192
68197
68207
68225
68242
68251
68260
68277
68279
68282
68296
68300
68305
68316
68324
68338
68340
68344
68357
68358
68365
68383
68392
68393
68400
68413
68417
68418
68436
68443
68450
68468
68476
68495
68497
68508
68520
68529
68537
68538
68554
68558
68575
68582
68589
68604
68614
68616
68621
68638
68658
68676
68692
68701
68714
68720
68731
68749
68753
68761
68765
68767
68781
68783
68800
68818
68823
68827
68846
68866
68883
68890
68904
68919
68934
68944
68949
68962
68974
68989
69003
69017
69023
69025
69044
69046
69050
69068
69075
69086
69087
69091
69103
69121
69126
69128
69142
69154
69159
69177
69179
69192
69211
69228
69247
69256
69257
69259
69269
69283
69292
69304
69322
69341
69358
69367
69386
69400
69409
69420
69440
69442
69450
69469
69481
69501
69517
69527
69538
69556
69568
69570
69580
69583
69599
69608
69622
69637
69640
69645
69664
69673
69683
69695
69708
69719
69732
69747
69750
69757
69772
69783
69793
69805
69812
69826
69842
69850
69851
69866
69884
69894
69912
69923
69931
69949
69966
69973
69988
69998
70016
70018
70023
70035
70042
70050
70058
70078
70079
70092
70111
70112
70128
70147
70166
70177
70178
70191
70205
70220
70240
70250
70254
70265
70267
70283
70295
70303
70311
70326
70333
70340
70345
70358
70370
70383
70395
70414
70431
70447
70454
70457
70465
70466
70474
70484
70494
70499
70500
70516
70529
70536
70544
70553
70564
70567
70586
70602
70606
70618
70619
70630
70631
70634
70653
70671
70687
70700
70708
70717
70724
70744
70751
70770
70790
70796
70808
70810
70819
70831
70845
70852
70855
70856
70861
70864
70883
70901
70908
70911
70926
70942
70949
70963
70979
70999
71016
71025
71039
71058
71074
71091
71108
71115
71116
71120
71135
71140
71147
71164
71183
71203
71218
71235
71253
71268
71271
71274
71284
71290
71295
71300
71309
71316
71319
71325
71334
71344
71361
71374
71379
71387
71391
71410
71427
71446
71447
71448
71465
71471
71482
71489
71492
71501
71517
71526
71537
71552
71565
71570
71572
71584
71594
71604
71622
71637
71638
71647
71649
71658
71665
71683
71691
71696
71699
71701
71719
71726
71743
71756
71763
71767
71770
71784
71791
71810
71813
71818
71833
71851
71871
71873
71880
71885
71890
71895
71903
71919
71925
71927
71944
71962
71978
71990
72004
72010
72014
72022
72034
72036
72038
72051
72070
72071
72090
72094
72107
72118
72127
72140
72150
72160
72168
72169
72170
72180
72183
72202
72205
72217
72234
72250
72270
72281
72293
72301
72314
72329
72333
72335
72354
72371
72381
72387
72389
72392
72400
72405
72424
72434
72449
72450
72451
72452
72470
72475
72483
72486
72501
72503
72523
72525
72527
72541
72545
72547
72562
72578
72586
72600
72601
72618
72625
72632
72637
72641
72648
72663
72666
72670
72684
72689
72691
72702
72719
72725
72744
72745
72763
72766
72779
72795
72800
72813
72829
72840
72860
72865
72876
72887
72900
72909
72926
72936
72955
72961
72973
72993
72996
73009
73026
73036
73047
73057
73075
73092
73094
73100
73110
73130
73131
73143
73154
73166
73186
73189
73205
73219
73220
73238
73256
73266
73274
73288
73300
73307
73309
73327
73341
73345
73362
73365
73385
73402
73418
73431
73435
73439
73442
73449
73457
73474
73486
73494
73496
73498
73509
73524
73528
73532
73547
73553
73554
73574
73580
73594
73612
73621
73628
73631
73637
73641
73645
73657
73667
73678
73696
73712
73715
73735
73749
73766
73771
73782
73786
73788
73789
73802
73808
73812
73814
73820
73832
73840
73851
73867
73886
73898
73914
73921
73933
73950
73959
73971
73979
73996
74012
74026
74035
74048
74057
74065
74079
74098
74113
74114
74134
74142
74159
74174
74194
74211
74215
74217
74226
74241
74258
74273
74291
74304
74319
74327
74328
74347
74353
74370
74388
74396
74398
74414
74415
74430
74435
74444
74456
74457
74476
74484
74504
74511
74515
74534
74539
74544
74551
74558
74566
74578
74595
74599
74600
74604
74623
74632
74642
74656
74671
74677
74697
74715
74735
74754
74770
74778
74783
74789
74806
74821
74827
74836
74850
74865
74875
74882
74895
74898
74914
74918
74938
74949
74963
74972
74977
74994
74998
75002
75015
75017
75027
75028
75042
75051
75057
75071
75090
75097
75105
75110
75114
75133
75153
75170
75172
75187
75192
75202
75207
75209
75220
75234
75250
75266
75279
75288
75303
75319
75331
75350
75362
75382
75394
75411
75429
75430
75443
75457
75470
75484
75498
75506
75521
75532
75549
75567
75569
75578
75593
75613
75631
75644
75664
75669
75682
75693
75711
75720
75740
75747
75766
75782
75789
75791
75800
75820
75829
75836
75846
75864
75877
75894
75910
75930
75933
75948
75968
75972
75973
75990
75999
76003
76023
76035
76049
76052
76057
76077
76079
76087
76107
76114
76125
76128
76130
76146
76162
76165
76170
76189
76208
76218
76238
76239
76245
76250
76252
76261
76281
76283
76297
76309
76326
76329
76331
76336
76350
76355
76363
76372
76390
76410
76417
76421
76437
76456
76466
76477
76483
76485
76500
76511
76516
76522
76528
76547
76555
76574
76588
76606
76610
76624
76642
76643
76649
76663
76677
76688
76699
76700
76707
76721
76732
76736
76744
76756
76772
76785
76800
76809
76810
76814
76821
76828
76848
76856
76862
76864
76867
76869
76885
76895
76898
76908
76910
76911
76928
76936
76937
76956
76976
76978
76980
76982
76998
77012
77016
77017
77023
77033
77048
77055
77056
77062
77081
77095
77105
77117
77122
77127
77128
77146
77150
77166
77168
77170
77184
77190
77198
77207
77213
77228
77241
77249
77257
77262
77264
77283
77284
77299
77316
77331
77335
77351
77354
77361
77363
77370
77380
77382
77399
77412
77430
77444
77446
77456
77463
77475
77489
77498
77506
77523
77525
77539
77547
77564
77566
77570
77571
77575
77576
77591
77605
77611
77628
77637
77643
77658
77675
77680
77693
77699
77708
77710
77728
77729
77742
77753
77760
77774
77794
77811
77828
77833
77834
77837
77846
77857
77858
77862
77880
77895
77896
77911
77916
77921
77932
77939
77953
77963
77968
77973
77985
78001
78007
78019
78030
78048
78060
78072
78074
78078
78090
78104
78123
78141
78149
78150
78159
78160
78173
78181
78188
78203
78212
78216
78231
78243
78254
78258
78260
78271
78279
78290
78308
78328
78334
78350
78366
78374
78378
78382
78392
78409
78414
78427
78439
78459
78461
78473
78477
78492
78507
78508
78513
78532
78539
78553
78558
78563
78566
78573
78593
78598
78600
78612
78618
78636
78647
78660
78664
78677
78688
78694
78700
78701
78717
78734
78741
78761
78767
78773
78774
78791
78800
78810
78813
78815
78822
78834
78854
78874
78893
78913
78928
78948
78958
78973
78983
79001
79010
79030
79046
79066
79082
79083
79088
79090
79102
79112
79117
79131
79143
79156
79170
79178
79179
79197
79214
79218
79232
79248
79266
79285
79304
79305
79325
79332
79350
79352
79353
79367
79382
79402
79413
79423
79430
79446
79462
79476
79494
79512
79526
79529
79534
79553
79570
79576
79577
79578
79590
79592
79594
79606
79622
79641
79651
79662
79664
79667
79676
79692
79708
79721
79730
79738
79740
79741
79760
79767
79785
79801
79816
79836
79851
79858
79866
79883
79901
79905
79909
79920
79931
79934
79945
79954
79964
79975
79993
80005
80014
80016
80033
80046
80059
80065
80067
80087
80102
80106
80115
80127
80143
80152
80168
80170
80183
80200
80212
80225
80238
80242
80262
80264
80271
80282
80294
80295
80297
80309
80328
80336
80350
80357
80371
80377
80381
80383
80384
80391
80408
80416
80427
80440
80445
80456
80463
80466
80476
80484
80499
80518
80533
80544
80553
80573
80591
80606
80618
80626
80642
80646
80647
80648
80662
80677
80697
80709
80720
80737
80757
80760
80767
80771
80776
80789
80793
80812
80820
80833
80842
80861
80874
80879
80897
80912
80931
80937
80938
80955
80964
80981
81000
81016
81022
81032
81042
81055
81060
81064
81073
81090
81105
81114
81129
81149
81169
81174
81190
81207
81226
81230
81248
81260
81261
81281
81284
81300
81310
81315
81332
81342
81356
81358
81371
81379
81380
81391
81405
81425
81432
81448
81456
81475
81479
81480
81486
81499
81518
81520
81524
81541
81546
81548
81553
81571
81584
81586
81598
81615
81622
81634
81635
81637
81643
81662
81681
81700
81718
81719
81727
81729
81743
81745
81750
81758
81759
81762
81766
81771
81772
81791
81798
81811
81829
81835
81852
81864
81867
81881
81883
81897
81904
81921
81924
81931
81938
81941
81957
81960
81972
81990
82008
82022
82031
82041
82052
82053
82062
82074
82075
82083
82102
82115
82133
82153
82164
82174
82181
82185
82198
82202
82219
82228
82235
82250
82254
82267
82279
82286
82300
82302
82305
82312
82323
82334
82341
82350
82362
82364
82366
82374
82385
82393
82405
82422
82427
82444
82449
82451
82466
82476
82491
82497
82511
82525
82537
82543
82554
82567
82579
82582
82585
82603
82608
82618
82624
82629
82636
82641
82651
82659
82662
82675
82694
82713
82715
82728
82735
82742
82749
82758
82762
82774
82792
82804
82806
82807
82809
82820
82834
82851
82853
82865
82870
82887
82893
82897
82900
82910
82920
82932
82934
82937
82945
82963
82964
82974
82978
82984
82986
82997
83011
83029
83038
83039
83055
83073
83091
83107
83118
83123
83124
83141
83156
83174
83180
83193
83195
83199
83212
83230
83246
83253
83271
83279
83294
83302
83318
83323
83340
83346
83358
83378
83384
83392
83395
83410
83428
83436
83448
83458
83470
83471
83477
83488
83503
83521
83530
83550
83569
83579
83597
83605
83607
83623
83633
83651
83664
83681
83683
83685
83690
83709
83713
83727
83736
83737
83739
83741
83750
83766
83781
83798
83811
83815
83834
83854
83864
83867
83880
83892
83908
83916
83925
83945
83952
83971
83978
83985
83998
84003
84006
84011
84017
84032
84045
84060
84068
84074
84078
84088
84102
84111
84118
84133
84149
84165
84166
84170
84181
84196
84207
84221
84231
84248
84255
84257
84273
84292
84306
84318
84323
84338
84357
84372
84377
84386
84393
84413
84433
84436
84443
84454
84461
84463
84465
84467
84479
84487
84498
84505
84514
84515
84525
84532
84533
84539
84555
84561
84572
84579
84597
84605
84611
84626
84631
84635
84642
84647
84654
84670
84675
84681
84694
84710
84717
84737
84754
84758
84775
84784
84786
84801
84812
84829
84830
84840
84852
84865
84885
84896
84909
84911
84922
84928
84931
84939
84941
84952
84964
84971
84981
84994
85005
85013
85026
85035
85039
85048
85050
85055
85059
85071
85080
85085
85093
85102
85106
85111
85113
85127
85144
85159
85176
85188
85192
85204
85224
85239
85247
85266
85286
85293
85300
85305
85306
85310
85317
85334
85335
85351
85352
85362
85378
85393
85399
85414
85421
85438
85456
85462
85466
85474
85492
85499
85506
85509
85510
85511
85515
85534
85548
85555
85574
85576
85582
85597
85608
85622
85626
85635
85640
85644
85659
85673
85674
85685
85702
85713
85714
85731
85739
85756
85761
85769
85786
85802
85811
85820
85828
85831
85838
85841
85851
85857
85873
85876
85880
85883
85900
85916
85934
85950
85963
85974
85994
86009
86022
86041
86048
86053
86071
86080
86096
86103
86115
86126
86135
86151
86156
86170
86182
86201
86215
86233
86253
86263
86283
86300
86320
86329
86342
86360
86362
86370
86382
86387
86399
86414
86420
86440
86448
86456
86460
86473
86475
86479
86490
86498
86507
86511
86525
86532
86537
86543
86550
86561
86577
86586
86591
86607
86609
86614
86627
86632
86637
86638
86652
86668
86677
86687
86707
86709
86721
86734
86744
86756
86764
86767
86769
86779
86784
86804
86805
86823
86825
86842
86862
86864
86872
86891
86892
86897
86904
86914
86933
86936
86951
86970
86986
86994
87010
87029
87036
87055
87067
87081
87101
87111
87129
87133
87142
87159
87175
87195
87203
87221
87238
87251
87255
87272
87273
87281
87292
87293
87299
87317
87322
87325
87331
87351
87353
87365
87377
87378
87398
87407
87421
87440
87450
87455
87471
87478
87498
87506
87522
87535
87545
87556
87576
87588
87602
87611
87614
87630
87649
87656
87672
87686
87690
87710
87721
87734
87735
87742
87759
87774
87784
87790
87810
87819
87835
87853
87857
87861
87878
87888
87890
87894
87910
87925
87940
87946
87957
87966
87967
87975
87988
87992
88006
88015
88023
88039
88043
88055
88061
88071
88081
88089
88105
88111
88125
88139
88155
88175
88188
88193
88203
88218
88238
88244
88255
88257
88275
88294
88304
88308
88312
88314
88326
88346
88351
88366
88373
88390
88397
88404
88420
88425
88431
88449
88459
88476
88496
88514
88516
88529
88537
88542
88545
88554
88573
88579
88587
88599
88613
88627
88636
88653
88656
88660
88675
88685
88689
88704
88706
88711
88712
88728
88737
88757
88762
88775
88795
88815
88831
88849
88856
88873
88891
88910
88921
88936
88945
88956
88966
88985
88997
89013
89030
89033
89045
89049
89052
89054
89066
89077
89093
89098
89118
89138
89151
89161
89177
89195
89214
89232
89245
89260
89278
89293
89300
89309
89320
89328
89345
89349
89356
89375
89377
89391
89400
89413
89428
89431
89451
89452
89472
89485
89498
89505
89510
89520
89523
89526
89527
89547
89554
89573
89575
89592
89603
89623
89635
89653
89659
89666
89684
89696
89699
89715
89733
89741
89748
89764
89777
89796
89797
89813
89814
89832
89833
89835
89846
89866
89886
89888
89903
89913
89929
89937
89941
89961
89973
89983
89998
90016
90023
90038
90047
90053
90054
90060
90079
90082
90091
90101
90109
90123
90137
90139
90153
90169
90170
90187
90206
90216
90236
90238
90239
90255
90257
90272
90290
90308
90315
90333
90348
90365
90378
90387
90397
90408
90415
90422
90435
90454
90455
90475
90478
90491
90508
90517
90519
90532
90543
90558
90575
90587
90606
90623
90630
90633
90651
90663
90681
90684
90699
90711
90727
90741
90754
90756
90772
90774
90778
90790
90800
90812
90822
90840
90854
90865
90884
90898
90907
90917
90922
90936
90950
90959
90977
90995
91012
91031
91042
91060
91067
91083
91091
91103
91121
91135
91146
91157
91175
91193
91198
91207
91214
91223
91235
91240
91259
91262
91263
91267
91282
91299
91306
91316
91317
91321
91336
91344
91353
91358
91375
91384
91401
91407
91426
91444
91454
91456
91468
91487
91502
91507
91522
91527
91540
91544
91555
91568
91577
91587
91600
91615
91623
91625
91630
91647
91667
91668
91672
91689
91703
91722
91724
91738
91743
91758
91765
91767
91771
91789
91806
91822
91842
91849
91867
91887
91905
91917
91930
91944
91964
91973
91983
91992
92008
92017
92032
92050
92061
92076
92092
92101
92112
92117
92135
92148
92166
92185
92197
92210
92221
92223
92235
92241
92249
92252
92266
92281
92286
92287
92299
92313
92323
92333
92337
92346
92366
92376
92386
92395
92411
92422
92433
92453
92461
92472
92481
92483
92495
92509
92528
92541
92554
92569
92577
92596
92599
92617
92635
92636
92654
92668
92674
92679
92697
92699
92710
92722
92736
92745
92751
92758
92767
92770
92782
92799
92816
92817
92823
92836
92854
92865
92884
92892
92900
92905
92922
92930
92936
92956
92958
92974
92984
92985
92990
93003
93013
93021
93036
93056
93059
93066
93077
93084
93089
93093
93097
93112
93114
93119
93135
93140
93151
93155
93158
93176
93181
93195
93202
93219
93237
93255
93268
93280
93284
93300
93318
93330
93347
93354
93363
93382
93395
93396
93398
93408
93427
93442
93447
93456
93467
93484
93501
93515
93535
93549
93561
93565
93573
93592
93600
93602
93605
93624
93635
93651
93658
93666
93672
93692
93695
93704
93722
93734
93746
93760
93769
93775
93777
93797
93805
93812
93828
93838
93849
93858
93868
93878
93892
93901
93910
93924
93943
93960
93964
93980
94000
94010
94011
94017
94034
94045
94058
94074
94085
94090
94099
94117
94133
94136
94144
94160
94176
94196
94204
94215
94220
94221
94240
94257
94275
94291
94292
94304
94314
94333
94351
94352
94366
94376
94386
94396
94399
94414
94432
94451
94457
94471
94475
94483
94486
94504
94509
94524
94530
94533
94549
94558
94573
94590
94595
94605
94623
94641
94654
94662
94679
94691
94711
94721
94725
94732
94742
94759
94774
94779
94792
94800
94808
94820
94822
94837
94846
94854
94866
94882
94885
94904
94916
94917
94929
94933
94934
94939
94944
94956
94966
94981
94991
94998
94999
95001
95014
95025
95033
95036
95038
95045
95059
95064
95082
95088
95091
95102
95115
95135
95137
95151
95161
95173
95190
95195
95203
95221
95222
95234
95249
95256
95262
95281
95289
95294
95298
95306
95310
95330
95341
95343
95359
95364
95368
95376
95392
95409
95426
95431
95437
95441
95455
95475
95481
95501
95508
95511
95513
95530
95546
95561
95572
95587
95595
95597
95600
95615
95626
95640
95643
95653
95661
95678
95693
95704
95714
95725
95733
95737
95750
95752
95768
95785
95792
95804
95810
95825
95833
95837
95844
95860
95870
95876
95888
95890
95900
95908
95925
95942
95960
95966
95985
96005
96012
96019
96024
96027
96037
96049
96066
96073
96088
96093
96109
96121
96139
96143
96151
96166
96178
96188
96193
96204
96221
96238
96240
96260
96274
96288
96302
96314
96330
96335
96344
96354
96373
96378
96380
96391
96405
96424
96435
96453
96473
96479
96489
96509
96519
96537
96545
96557
96568
96574
96593
96603
96618
96627
96647
96666
96682
96683
96703
96711
96731
96735
96746
96759
96765
96785
96797
96804
96810
96828
96832
96848
96852
96864
96881
96895
96902
96922
96925
96944
96962
96977
96991
97003
97023
97032
97049
97067
97070
97089
97100
97115
97121
97129
97133
97146
97149
97168
97181
97192
97210
97214
97225
97228
97243
97256
97264
97271
97288
97307
97313
97320
97331
97338
97354
97374
97384
97398
97402
97418
97419
97421
97439
97456
97473
97485
97487
97504
97506
97525
97545
97564
97584
97591
97594
97613
97620
97638
97641
97657
97663
97673
97676
97694
97697
97704
97712
97730
97750
97754
97769
97785
97799
97805
97812
97821
97824
97843
97855
97859
97871
97876
97887
97898
97904
97905
97911
97912
97921
97930
97943
97945
97959
97961
97975
97985
98001
98007
98010
98030
98041
98057
98060
98066
98071
98079
98085
98091
98100
98110
98122
98142
98145
98159
98170
98188
98189
98207
98217
98236
98254
98271
98282
98300
98319
98327
98343
98353
98354
98363
98377
98391
98409
98424
98437
98454
98468
98488
98489
98503
98523
98531
98535
98550
98564
98573
98591
98609
98612
98622
98637
98641
98656
98665
98673
98678
98686
98689
98699
98703
98704
98723
98728
98745
98750
98769
98788
98794
98801
98818
98836
98854
98860
98862
98877
98882
98883
98893
98904
98919
98936
98946
98953
98959
98977
98989
98994
99012
99029
99044
99054
99071
99076
99096
99112
99129
99135
99146
99159
99172
99184
99199
99210
99228
99233
99246
99266
99283
99298
99306
99317
99318
99332
99345
99352
99359
99368
99377
99385
99401
99411
99426
99433
99435
99452
99463
99472
99487
99488
99492
99495
99502
99518
99532
99552
99568
99586
99606
99619
99622
99630
99646
99651
99652
99662
99671
99687
99703
99713
99726
99745
99761
99768
99780
99781
99797
99802
99812
99832
99840
99850
99863
99876
99890
99894
99907
99914
99915
99934
99946
99947
99958
99978
99991
99992
99995
100008
100025
100026
100035
100047
100062
100082
100083
100100
100118
100131
100145
100165
100178
100194
100200
100205
100208
100221
100223
100240
100251
100260
100280
100297
100309
100318
100322
100332
100334
100350
100362
100368
100381
100391
100394
100401
100415
100425
100430
100445
100463
100475
100485
100487
100489
100499
100507
100526
100535
100546
100556
100561
100568
100576
100583
100596
100602
100603
100604
100622
100629
100636
100654
100671
100672
100677
100692
100698
100716
100723
100741
100742
100760
100771
100774
100784
100801
100802
100816
100821
100829
100841
100860
100869
100887
100891
100909
100924
100936
100949
100962
100969
100985
100992
100996
101000
101012
101032
101046
101061
101062
101071
101086
101099
101103
101114
101120
101125
101140
101154
101172
101186
101202
101203
101207
101223
101233
101241
101250
101269
101282
101284
101290
101294
101311
101314
101333
101347
101357
101361
101370
101386
101395
101408
101425
101430
101446
101455
101472
101478
101484
101495
101500
101507
101526
101531
101550
101568
101569
101589
101595
101603
101609
101627
101632
101648
101652
101654
101664
101666
101678
101693
101711
101725
101743
101745
101749
101768
101779
101796
101815
101817
101824
101837
101855
101869
101889
101902
101914
101931
101951
101970
101986
101995
102003
102006
102024
102040
102060
102069
102083
102103
102121
102130
102150
102169
102187
102199
102203
102212
102219
102229
102240
102241
102256
102275
102286
102294
102305
102307
102312
102326
102330
102342
102361
102365
102371
102373
102382
102402
102420
102432
102450
102460
102476
102484
102497
102505
102517
102520
102527
102529
102533
102547
102559
102570
102575
102583
102593
102602
102617
102620
102629
102643
102644
102659
102664
102671
102683
102703
102719
102728
102738
102743
102744
102759
102760
102767
102770
102776
102787
102807
102811
102830
102839
102852
102868
102888
102889
102894
102900
102914
102933
102935
102944
102950
102959
102965
102983
103001
103021
103040
103057
103074
103078
103096
103103
103121
103138
103150
103158
103177
103195
103201
103202
103207
103209
103223
103238
103241
103244
103259
103274
103279
103280
103292
103309
103320
103328
103347
103358
103370
103371
103372
103376
103379
103382
103384
103399
103415
103425
103430
103442
103450
103463
103473
103483
103487
103506
103509
103523
103538
103541
103553
103565
103570
103575
103576
103593
103595
103607
103615
103618
103619
103625
103632
103636
103651
103662
103664
103682
103691
103703
103721
103736
103752
103763
103777
103791
103799
103808
103814
103827
103839
103849
103864
103868
103878
103884
103888
103896
103915
103922
103932
103937
103940
103952
103957
103960
103966
103977
103982
103993
103996
103998
104001
104009
104015
104023
104025
104039
104050
104059
104067
104082
104086
104105
104120
104124
104125
104138
104156
104173
104189
104196
104198
104201
104209
104218
104226
104229
104233
104249
104268
104275
104289
104299
104316
104322
104338
104355
104362
104377
104380
104393
104403
104409
104424
104436
104442
104455
104460
104461
104465
104474
104482
104502
104510
104523
104542
104557
104574
104593
104598
104613
104614
104619
104635
104639
104659
104679
104687
104707
104713
104723
104742
104749
104767
104775
104783
104802
104807
104814
104827
104840
104848
104857
104866
104868
104885
104887
104892
104898
104911
104928
104947
104948
104965
104968
104985
105004
105005
105008
105009
105012
105020
105027
105039
105046
105066
105077
105081
105084
105095
105098
105112
105124
105135
105151
105170
105172
105189
105193
105207
105213
105226
105239
105253
105271
105288
105292
105300
105317
105324
105329
105345
105363
105375
105392
105408
105424
105443
105463
105482
105500
105516
105521
105539
105548
105563
105567
105576
105581
105601
105616
105627
105631
105639
