1000
1018
1025
1045
1054
1060
1064
1080
1091
1095
1112
1128
1136
1147
1156
1169
1187
1207
1224
1242
1256
1263
1265
1276
1293
1313
1328
1330
1336
1352
1364
1382
1387
1400
1408
1422
1429
1446
1459
1477
1478
1491
1511
1516
1531
1539
1551
1567
1574
1581
1598
1612
1624
1642
1657
1677
1686
1694
1701
1710
1725
1739
1758
1774
1791
1799
1815
1833
1838
1851
1869
1872
1876
1889
1909
1924
1938
1949
1969
1986
1989
1999
2008
2026
2028
2045
2050
2056
2065
2067
2077
2086
2101
2118
2127
2129
2143
2163
2177
2180
2188
2205
2214
2223
2239
2246
2257
2267
2274
2287
2302
2304
2314
2319
2320
2338
2355
2364
2365
2367
2368
2385
2402
2405
2420
2427
2443
2461
2470
2483
2495
2509
2528
2530
2548
2552
2565
2583
2596
2606
2623
2639
2644
2657
2677
2683
2701
2717
2731
2733
2745
2755
2770
2780
2800
2807
2817
2818
2837
2847
2866
2880
2900
2919
2934
2944
2948
2951
2968
2985
3005
3016
3027
3040
3056
3068
3069
3077
3080
3099
3102
3105
3120
3131
3150
3163
3165
3171
3180
3186
3202
3210
3220
3236
3239
3249
3256
3267
3284
3288
3304
3309
3312
3320
3335
3342
3351
3361
3367
3375
3391
3392
3406
3420
3421
3435
3455
3468
3485
3503
3504
3519
3524
3525
3533
3540
3549
3554
3568
3581
3582
3597
3617
3632
3646
3658
3664
3677
3690
3696
3707
3714
3720
3733
3740
3752
3771
3784
3793
3806
3811
3818
3835
3839
3858
3864
3882
3902
3913
3924
3938
3947
3950
3953
3968
3971
3979
3991
3999
4014
4019
4022
4030
4034
4050
4067
4087
4097
4115
4133
4153
4163
4179
4192
4210
4213
4229
4244
4251
4262
4273
4281
4296
4313
4317
4327
4340
4348
4368
4372
4380
4395
4405
4423
4437
4442
4459
4462
4476
4495
4504
4512
4531
4536
4544
4553
4559
4575
4593
4603
4612
4623
4629
4633
4642
4660
4664
4673
4683
4692
4693
4705
4706
4710
4712
4720
4726
4733
4747
4754
4773
4775
4776
4779
4794
4805
4825
4838
4840
4851
4856
4867
4886
4888
4907
4926
4944
4953
4963
4974
4978
4994
5001
5011
5026
5036
5038
5040
5056
5071
5091
5096
5116
5119
5134
5138
5154
5168
5179
5199
5217
5225
5245
5253
5256
5261
5262
5273
5279
5281
5292
5310
5324
5339
5340
5350
5352
5366
5384
5395
5412
5425
5441
5458
5460
5467
5486
5496
5503
5513
5529
5541
5558
5561
5563
5576
5586
5597
5606
5615
5624
5635
5653
5654
5671
5679
5684
5692
5702
5709
5722
5741
5755
5765
5776
5779
5791
5802
5805
5818
5828
5829
5849
5867
5881
5894
5908
5912
5919
5934
5951
5970
5977
5981
5983
6000
6015
6023
6041
6052
6059
6067
6070
6090
6099
6112
6118
6125
6143
6151
6167
6172
6186
6191
6200
6204
6214
6221
6224
6227
6240
6260
6268
6275
6278
6280
6285
6302
6314
6316
6333
6337
6357
6367
6386
6393
6404
6417
6431
6447
6461
6470
6487
6490
6509
6523
6542
6549
6565
6582
6598
6602
6605
6620
6629
6634
6638
6645
6650
6666
6679
6689
6691
6711
6716
6732
6741
6742
6759
6773
6783
6792
6799
6816
6828
6843
6848
6860
6879
6889
6895
6910
6924
6925
6932
6948
6961
6964
6971
6977
6979
6990
7007
7021
7041
7053
7068
7082
7092
7105
7124
7129
7137
7157
7159
7175
7191
7206
7211
7231
7251
7254
7260
7277
7287
7305
7321
7333
7341
7357
7377
7396
7399
7403
7408
7418
7427
7447
7458
7471
7490
7509
7527
7543
7554
7573
7589
7596
7599
7612
7618
7627
7629
7649
7666
7683
7684
7701
7721
7725
7736
7746
7763
7773
7780
7789
7805
7813
7830
7833
7841
7850
7851
7859
7867
7881
7891
7895
7908
7920
7930
7933
7938
7946
7954
7956
7966
7970
7982
7994
8000
8015
8017
8020
8022
8025
8045
8053
8063
8079
8080
8098
8108
8109
8125
8140
8158
8174
8184
8196
8214
8232
8248
8254
8256
8276
8292
8303
8313
8325
8342
8349
8363
8378
8386
8389
8395
8399
8401
8416
8429
8447
8460
8466
8479
8490
8500
8508
8523
8528
8537
8545
8548
8559
8568
8582
8590
8607
8625
8629
8643
8649
8660
8662
8669
8679
8698
8699
8710
8728
8740
8749
8769
8771
8782
8790
8795
8802
8819
8822
8826
8840
8848
8867
8883
8885
8886
8889
8904
8920
8928
8930
8941
8955
8957
8970
8972
8978
8979
8992
9007
9021
9040
9048
9055
9070
9071
9078
9086
9090
9104
9113
9120
9140
9143
9154
9172
9174
9193
9208
9213
9216
9220
9231
9238
9248
9267
9280
9296
9310
9315
9330
9333
9351
9369
9379
9389
9390
9399
9402
9406
9425
9429
9442
9446
9465
9484
9499
9508
9516
9536
9554
9568
9584
9603
9606
9612
9616
9626
9627
9636
9656
9671
9690
9701
9719
9720
9738
9747
9749
9757
9763
9775
9793
9804
9821
9827
9832
9850
9864
9882
9892
9898
9909
9929
9933
9947
9950
9956
9958
9974
9994
10006
10013
10015
10032
10047
10051
10066
10076
10094
10103
10121
10123
10135
10140
10158
10166
10183
10198
10211
10228
10240
10252
10269
10280
10288
10293
10307
10308
10316
10319
10333
10350
10366
10385
10389
10399
10405
10415
10423
10430
10434
10445
10463
10474
10493
10512
10513
10517
10533
10549
10562
10570
10582
10593
10602
10620
10628
10648
10653
10665
10683
10698
10714
10724
10729
10743
10746
10759
10767
10787
10795
10809
10827
10839
10859
10877
10895
10899
10900
10908
10926
10928
10942
10962
10972
10980
10992
10994
10997
11002
11018
11026
11043
11057
11063
11075
11080
11098
11118
11136
11156
11163
11170
11174
11182
11202
11219
11224
11230
11238
11254
11255
11272
11282
11294
11296
11305
11314
11321
11326
11343
11357
11366
11378
11396
11407
11416
11433
11439
11441
11456
11458
11476
11482
11487
11503
11512
11518
11519
11537
11540
11548
11554
11555
11574
11588
11604
11605
11611
11614
11630
11648
11665
11684
11689
11695
11701
11707
11726
11732
11745
11764
11779
11791
11803
11817
11837
11855
